0,1,2,3,4,5,6,7,8,9,10,11,12,13,14,15,16,17,18,19,20,21,22,23,24,25,26,27,28,29,30,31,32,33,34,35,36,37,38,39,40,41,42,43,44,45,46,47,48,49,50,51,52,53,54,55,56,57,58,59,60,61,62,63,64,65,66,67,68,69,70,71,72,73,74,75,76,77,78,79,80,81,82,83,84,85,86,87,88,89,90,91,92,93,94,95,96,97,98,99,100,101,102,103,104,105,106,107,108,109,110,111,112,113,114,115,116,117,118,119,120,121,122,123,124,125,126,127,128,129,130,131,132,133,134,135,136,137,138,139,140,141,142,143,144,145,146,147,148,149,150,151,152,153,154,155,156,157,158,159,160,161,162,163,164,165,166,167,168,169,170,171,172,173,174,175,176,177,178,179,180,181,182,183,184,185,186,187,188,189,190,191,192,193,194,195,196,197,198,199
0.0,9.651,10.599,21.487,73.045,42.603,76.851,12.293,41.555,71.439,70.91,43.469,62.359,22.317,82.293,28.276,23.064,60.942,31.249,47.295,9.533,85.15,41.44,65.476,17.215,27.44,62.095,82.941,46.294,60.432,18.316,45.692,68.403,39.029,67.311,36.94,28.724,43.576,48.219,67.241,27.75,57.488,11.285,73.9,26.887,46.844,93.743,64.638,51.162,68.368,49.906,48.981,69.521,41.614,36.155,47.98,40.154,79.24,50.015,42.379,56.932,78.8,35.275,42.96,35.058,60.161,41.88,44.817,84.561,55.939,17.529,38.897,49.431,64.162,91.97,33.47,27.763,42.614,26.278,6.042,83.564,20.686,21.605,21.41,47.471,53.657,83.327,60.486,51.752,30.429,82.68,53.565,60.619,11.125,59.863,26.122,23.4,31.992,56.638,74.38,39.458,30.509,82.291,45.041,81.786,54.517,55.398,37.534,83.134,86.17,8.184,47.227,27.663,31.082,26.468,77.978,49.243,53.246,73.005,43.078,18.892,86.429,12.544,61.837,14.842,39.533,16.035,20.795,68.821,44.022,7.671,9.445,53.501,61.059,78.687,69.214,48.268,49.774,90.779,31.545,30.045,22.69,76.248,47.456,42.092,21.471,57.25,60.57,62.96,20.178,43.983,71.76,41.291,49.14,42.101,57.989,62.908,63.661,56.646,89.711,24.103,15.161,29.304,75.832,49.663,29.069,43.896,37.552,55.822,60.386,20.331,18.287,41.847,31.095,58.283,79.84,41.805,22.789,31.708,48.843,79.31,48.247,28.532,82.444,60.817,63.113,85.147,82.738,39.438,57.674,38.366,73.984,48.701,52.279,85.272,47.484,20.187,17.386,18.23,17.231
9.651,0.0,19.84,18.667,77.109,50.526,69.878,2.782,46.546,66.525,75.581,33.876,57.388,12.738,81.381,37.817,17.476,53.143,40.518,56.167,12.313,80.799,49.171,70.013,26.504,26.663,64.016,80.145,40.091,53.126,8.786,44.71,72.908,30.67,66.213,27.289,19.26,50.089,48.466,60.106,21.588,55.47,20.907,73.981,20.343,37.333,87.263,60.209,41.575,72.992,40.834,45.851,73.98,34.579,45.555,39.882,30.508,76.983,41.082,35.437,58.02,78.504,43.643,47.794,44.689,51.285,51.391,36.507,77.147,50.47,26.806,44.304,45.051,67.527,94.942,33.769,37.229,34.491,16.818,15.028,77.359,27.226,12.421,29.931,51.448,49.546,81.541,52.527,43.426,34.08,84.772,58.998,65.606,18.782,54.692,33.764,28.834,33.349,55.428,68.152,45.68,25.252,82.191,45.021,76.4,45.099,58.069,43.023,81.348,88.923,9.071,38.076,37.248,39.059,20.592,80.335,43.868,58.6,69.016,37.676,14.447,80.592,22.133,66.017,5.932,36.354,18.639,30.057,72.615,36.707,6.469,4.314,59.951,60.512,79.107,73.257,38.718,42.039,83.507,36.896,30.149,19.607,71.742,40.619,32.895,11.843,47.88,52.151,54.178,12.653,34.931,63.593,34.155,58.754,39.649,60.421,58.455,59.252,50.406,82.999,33.738,20.074,33.92,75.232,46.653,25.444,36.468,45.57,56.581,66.39,16.487,23.405,35.302,21.477,53.156,77.428,51.446,14.985,32.307,41.787,74.215,56.95,30.473,78.851,65.73,61.541,78.18,85.139,42.98,49.432,48.01,70.297,39.892,42.943,79.508,41.865,28.878,9.001,27.808,10.611
10.599,19.84,0.0,30.621,74.103,38.681,86.99,22.231,42.439,80.546,71.244,53.014,71.568,32.568,88.354,18.113,28.871,71.399,24.36,41.046,17.723,93.818,37.954,66.098,6.667,34.967,65.807,90.525,56.254,70.74,28.039,52.498,69.002,46.632,73.729,46.865,38.104,42.135,53.923,77.468,33.595,64.804,3.321,79.182,33.168,57.171,103.616,73.507,61.369,68.817,58.313,57.243,70.155,47.583,28.536,55.04,50.163,86.445,60.601,52.644,61.604,84.356,30.759,43.976,26.096,70.756,33.618,55.395,94.859,65.474,12.159,39.368,58.451,66.241,94.036,39.789,17.428,49.83,35.694,4.822,93.327,21.483,32.103,17.928,49.356,62.459,90.114,70.983,62.325,33.766,85.837,53.327,60.777,5.214,69.207,24.014,25.376,37.506,63.343,84.187,38.696,40.312,87.626,51.086,91.111,64.933,58.492,37.978,89.923,88.555,14.094,55.796,17.665,27.752,36.583,80.919,58.796,53.128,81.518,52.719,28.825,95.988,6.599,62.997,25.359,48.05,15.455,14.883,70.291,54.391,18.031,18.231,51.765,67.122,83.583,70.375,57.651,56.337,101.013,32.654,36.744,26.279,85.073,57.653,50.802,31.633,67.7,71.15,73.559,27.952,52.435,82.292,47.387,40.155,50.081,61.267,71.808,72.527,66.547,99.705,15.428,19.566,31.604,81.698,57.832,38.183,54.298,33.685,60.836,59.127,25.042,21.644,51.979,41.251,67.616,87.159,32.613,30.562,37.895,59.109,88.476,42.402,33.796,90.613,61.067,69.985,95.265,85.562,42.235,68.23,28.707,82.288,56.716,62.748,94.797,57.175,16.442,26.107,10.778,27.723
21.487,18.667,30.621,0.0,61.945,44.781,56.961,19.681,34.286,50.033,61.326,39.779,40.998,20.208,62.719,45.165,35.182,42.88,41.267,53.45,12.917,63.663,42.975,55.711,36.335,8.713,46.755,61.874,26.12,41.394,21.959,26.102,58.472,43.35,47.549,32.245,29.19,40.642,30.292,47.743,38.545,36.873,29.551,55.522,37.044,37.431,73.145,43.16,42.347,58.734,50.108,27.669,59.447,49.606,46.627,52.515,34.281,58.492,36.324,23.586,40.213,59.929,40.09,35.134,48.409,45.494,52.925,29.209,65.23,34.865,29.987,33.077,27.974,51.692,78.247,16.168,45.209,47.439,27.434,27.058,62.786,22.144,17.096,29.334,37.094,32.17,62.937,42.821,35.585,21.094,67.386,46.666,52.176,32.514,38.594,29.586,20.731,16.963,36.764,53.691,36.017,10.303,63.655,26.763,60.511,43.45,41.695,32.112,62.744,72.076,26.607,47.179,44.189,34.866,8.466,63.218,28.202,46.143,51.535,22.195,4.827,65.371,28.534,51.31,15.557,18.152,36.24,32.424,57.194,25.84,14.401,22.898,49.643,41.928,60.753,58.151,44.715,55.38,71.155,26.616,12.682,38.16,54.768,28.139,42.268,20.563,45.582,44.188,47.757,29.295,44.809,54.249,49.049,61.22,21.108,43.723,41.434,42.182,36.213,69.375,38.681,15.379,22.755,56.606,28.403,7.605,25.975,40.629,38.579,54.807,34.964,16.983,22.403,26.201,37.005,58.991,54.986,30.85,15.139,29.829,57.936,53.449,15.385,61.06,52.173,42.887,65.153,68.007,28.605,40.895,53.016,52.567,50.361,40.732,64.177,26.666,29.13,25.343,32.819,9.85
73.045,77.109,74.103,61.945,0.0,42.034,86.387,79.226,31.733,67.308,5.542,100.567,64.675,82.139,41.563,72.876,94.533,85.018,58.123,50.28,65.124,69.289,41.257,8.32,74.489,53.46,20.097,56.129,68.962,80.781,83.174,43.035,5.778,105.258,39.255,93.231,91.135,33.576,36.302,82.623,98.685,45.306,70.872,31.544,97.387,95.108,92.384,61.58,99.794,6.461,111.632,52.468,4.72,111.041,59.329,114.455,94.61,50.503,89.583,72.422,27.457,35.615,48.512,30.239,65.911,94.86,61.749,81.788,95.139,66.376,62.844,34.738,59.126,10.771,21.032,46.248,74.202,109.343,89.344,74.628,83.599,52.98,79.041,56.829,25.692,57.745,48.625,86.155,84.961,43.059,19.175,21.609,14.113,79.078,65.368,50.532,49.707,44.984,40.64,78.796,35.868,64.877,35.419,39.285,75.797,98.491,20.956,36.129,48.539,17.162,81.157,108.726,71.701,48.473,67.67,15.034,64.668,21.608,61.061,64.391,66.614,82.14,67.623,11.21,76.473,54.748,88.203,61.366,4.907,74.956,70.734,80.273,26.664,35.847,30.158,3.853,105.236,117.277,97.878,41.722,49.419,95.514,66.221,72.931,103.986,82.432,99.519,90.37,95.529,89.568,106.571,94.478,110.53,67.027,50.87,19.915,61.303,61.192,71.634,91.874,66.382,57.977,43.747,37.035,51.749,60.072,75.613,45.074,29.783,20.056,92.817,54.768,70.18,87.624,64.698,51.897,67.518,91.608,46.915,74.682,72.195,47.997,47.069,62.01,13.666,42.296,91.3,17.03,34.134,87.177,70.442,59.2,112.149,95.725,80.857,65.847,58.278,85.656,65.796,71.493
42.603,50.526,38.681,44.781,42.034,0.0,94.384,53.26,18.984,80.343,37.614,82.564,73.353,60.742,71.589,31.845,65.591,84.618,16.965,11.188,39.01,89.315,2.003,33.802,36.52,40.406,43.549,80.463,66.302,81.89,58.927,46.561,36.278,81.175,60.637,75.181,69.121,10.337,42.859,86.844,70.316,57.625,35.431,60.46,69.488,82.017,106.967,72.834,86.899,35.721,91.055,56.603,37.393,84.217,17.323,90.323,77.791,75.022,80.925,66.218,44.001,66.015,8.011,19.98,23.942,89.6,20.096,73.482,103.466,70.512,26.566,16.828,61.635,38.279,63.063,37.805,33.302,84.931,66.776,41.222,96.556,23.836,58.487,21.344,25.641,63.46,76.311,85.002,79.323,26.207,58.699,20.951,28.002,43.867,72.269,16.77,24.099,34.089,53.72,88.71,12.284,53.524,68.005,42.483,91.162,88.23,35.838,16.62,76.15,58.848,50.278,88.213,30.776,11.527,53.185,53.615,65.275,21.175,77.561,61.205,47.519,97.315,32.317,32.755,53.023,51.536,54.128,23.846,39.822,68.822,44.54,51.87,15.604,53.817,62.762,39.008,87.585,92.285,108.352,19.334,38.045,64.308,82.499,69.567,83.02,60.414,90.344,87.402,91.556,62.603,85.22,95.978,83.892,26.723,50.273,38.515,71.603,71.997,74.216,104.505,26.519,31.572,23.132,64.983,56.563,48.491,69.164,5.07,44.79,23.073,62.469,28.705,64.413,68.868,70.886,76.195,25.722,65.154,36.605,71.489,87.71,9.96,32.362,83.597,28.501,59.636,101.696,57.41,25.864,83.973,28.41,77.037,90.341,85.511,95.959,64.966,22.712,59.388,28.252,50.691
76.851,69.878,86.99,56.961,86.387,94.384,0.0,68.842,76.919,19.856,89.464,56.708,22.179,60.223,54.714,102.098,78.402,18.471,96.483,105.045,69.663,28.062,92.381,85.34,93.076,56.246,66.474,40.113,30.85,16.932,65.86,48.768,86.788,71.594,48.001,54.838,62.591,86.156,54.304,9.845,78.615,41.44,86.323,58.419,77.06,45.008,18.112,24.81,45.833,87.603,66.807,38.107,87.117,80.537,101.625,76.097,52.588,42.911,35.182,34.525,59.823,57.762,92.601,76.615,104.506,28.872,107.791,35.053,9.168,23.893,86.699,78.056,32.752,76.754,90.269,56.769,102.167,74.17,63.38,82.855,10.981,76.857,58.607,85.032,73.615,31.298,48.382,19.832,29.223,68.537,77.613,84.8,85.684,87.841,22.45,83.347,73.818,60.538,46.228,7.94,82.506,46.81,60.922,53.234,17.34,40.031,68.815,77.959,48.293,84.75,78.915,65.292,101.098,87.681,50.421,76.874,29.68,84.142,27.446,35.03,58.167,15.983,85.485,80.988,64.042,43.224,88.143,88.842,82.057,33.183,69.181,73.719,91.325,50.542,63.033,84.01,57.689,79.582,14.27,75.393,57.283,84.001,23.59,29.402,64.254,61.439,38.132,23.475,26.414,72.589,66.153,15.26,79.849,116.211,44.111,68.239,25.199,25.235,20.913,13.355,95.414,71.687,71.96,54.228,38.33,49.924,33.462,91.798,57.664,92.452,81.009,72.255,35.019,55.415,23.679,41.919,110.767,72.029,58.194,28.106,19.107,104.264,62.949,33.312,85.303,44.173,8.307,79.954,69.279,23.99,109.397,30.009,69.742,39.223,15.816,30.644,85.159,70.283,89.695,59.821
12.293,2.782,22.231,19.681,79.226,53.26,68.842,0.0,48.904,66.271,77.817,31.178,57.15,10.418,82.311,40.292,15.673,51.796,43.284,58.949,14.807,80.695,51.889,72.233,28.871,28.009,65.705,80.536,39.499,52.0,6.039,45.778,75.117,27.973,67.137,24.701,16.501,52.667,49.826,59.03,19.502,56.182,23.478,75.193,18.165,34.994,86.388,60.145,39.14,75.223,38.053,46.29,76.178,32.144,48.304,37.214,27.962,77.543,39.175,34.577,59.537,79.607,46.411,50.121,47.351,49.386,54.117,34.98,75.912,50.087,29.565,46.736,45.088,69.521,96.804,35.269,39.656,31.828,14.056,17.409,76.607,29.875,10.615,32.711,53.608,49.643,82.225,51.106,41.856,36.274,86.451,61.396,67.916,20.748,54.396,36.494,31.344,35.096,56.366,67.415,48.227,25.233,83.336,46.337,75.951,42.836,59.944,45.472,82.033,90.745,10.262,35.294,39.759,41.807,20.45,82.083,43.563,60.986,69.065,37.415,15.147,79.97,24.822,68.176,5.005,36.866,19.318,32.819,74.685,35.669,8.955,4.928,62.505,61.606,80.393,75.375,35.995,39.434,82.32,39.349,31.651,18.543,71.611,39.762,30.114,9.423,45.653,50.502,52.327,10.347,32.151,62.042,31.698,61.432,40.347,62.236,58.39,59.198,49.731,82.04,36.395,22.608,36.276,76.262,47.123,25.996,35.38,48.316,58.024,68.869,15.314,25.922,34.613,19.023,52.882,77.941,54.095,12.523,33.896,40.827,73.875,59.729,32.378,78.998,68.027,62.351,77.129,86.888,45.096,47.882,50.592,70.438,37.127,40.752,78.915,41.484,31.66,6.501,30.504,10.696
41.555,46.546,42.439,34.286,31.733,18.984,76.919,48.904,0.0,61.852,29.354,74.057,55.334,53.57,53.424,43.529,63.691,68.993,29.949,30.167,34.274,70.373,17.122,23.946,43.291,27.252,26.217,61.547,50.749,65.765,53.532,28.319,26.874,76.159,41.775,66.519,62.571,9.352,24.015,70.048,68.054,38.785,39.244,42.534,66.869,71.073,88.597,54.427,75.987,26.817,84.117,38.82,28.004,81.044,33.007,85.477,68.55,56.159,68.049,51.874,25.363,48.112,21.295,1.576,38.847,75.675,37.581,60.229,86.074,53.29,31.549,3.294,44.442,24.07,51.668,22.144,44.66,80.183,60.508,42.901,78.294,21.253,50.722,25.642,7.755,45.661,57.707,69.611,65.254,13.235,44.366,12.567,19.121,47.368,54.533,19.454,18.158,18.995,34.775,70.801,6.947,40.623,50.492,24.012,72.553,76.202,18.268,4.588,57.54,46.356,49.723,81.19,42.291,18.968,41.781,39.293,48.721,12.116,58.721,45.58,38.355,78.786,36.027,20.573,46.904,35.333,56.489,30.505,27.854,54.563,40.078,49.315,15.806,34.895,45.516,27.966,79.001,88.006,90.619,10.032,23.763,64.188,63.722,54.376,76.158,53.617,77.919,72.643,77.23,59.189,78.622,80.071,80.589,45.1,33.212,21.143,53.296,53.63,57.481,86.379,36.362,26.736,12.629,46.694,38.646,35.344,55.035,18.664,25.955,20.532,61.629,23.428,49.829,60.411,53.246,57.308,42.624,61.426,21.614,56.315,69.052,28.774,19.084,64.614,19.289,40.652,83.896,43.732,7.678,69.202,44.015,58.12,84.096,73.396,77.425,48.814,27.025,55.404,34.731,42.751
71.439,66.525,80.546,50.033,67.308,80.343,19.856,66.271,61.852,0.0,70.733,63.509,9.139,59.867,35.194,93.326,78.826,27.989,85.295,91.398,62.838,14.887,78.365,66.974,85.907,46.414,47.728,21.939,27.353,23.609,64.967,33.798,68.175,76.635,28.384,59.395,64.875,71.202,38.026,20.346,80.218,23.69,79.171,38.588,78.575,52.509,26.786,7.574,55.02,69.036,74.995,24.56,68.405,85.415,90.087,83.0,58.14,23.635,42.67,33.183,41.666,37.951,79.904,61.267,93.936,40.763,95.962,38.7,28.033,16.345,77.599,63.553,22.095,58.129,70.414,44.523,93.678,79.925,64.919,77.09,16.768,66.324,57.425,74.736,57.332,18.305,29.376,29.696,35.779,55.875,57.776,68.035,67.944,82.524,11.893,71.815,62.67,48.157,28.354,11.925,68.104,41.324,41.197,37.89,10.99,50.25,51.063,63.728,29.261,64.922,75.445,72.883,92.207,75.392,45.934,57.162,22.712,67.387,7.829,28.865,52.763,16.974,77.647,62.834,61.267,32.758,85.136,79.178,63.172,33.392,64.024,70.76,75.028,31.702,43.18,65.175,65.917,86.546,30.613,62.364,46.128,83.692,6.096,28.602,70.507,60.993,49.336,34.742,39.466,72.571,72.831,32.13,84.723,104.267,31.791,50.085,9.037,8.484,18.571,25.087,86.098,62.744,59.452,34.38,24.328,42.428,34.02,78.521,39.686,75.19,80.472,62.442,32.368,57.808,13.389,22.814,99.682,72.731,46.273,28.556,7.954,90.299,51.273,16.309,67.514,25.055,23.994,60.141,54.519,33.219,99.097,10.501,77.398,48.469,15.62,24.849,75.176,69.459,80.935,55.915
70.91,75.581,71.244,61.326,5.542,37.614,89.464,77.817,29.354,70.733,0.0,100.522,67.515,81.401,46.551,68.924,92.885,87.058,54.062,45.332,63.416,73.546,37.001,5.621,71.208,53.071,23.025,60.701,70.437,82.949,82.062,44.436,2.952,104.414,43.105,93.098,90.437,29.826,37.718,85.201,97.16,48.094,67.969,36.196,95.92,95.656,96.261,64.682,100.42,2.601,111.334,54.382,2.349,109.844,54.935,113.676,94.659,55.015,90.638,73.51,29.817,40.549,44.46,27.965,61.556,96.413,57.037,82.775,98.34,68.672,59.693,32.114,61.032,12.722,25.72,46.114,70.293,108.486,88.547,72.086,87.22,50.498,78.367,53.665,24.334,60.038,53.46,88.116,86.339,41.548,24.716,18.008,10.471,76.308,67.996,47.387,47.511,44.428,43.338,82.01,32.622,65.11,40.588,40.395,79.608,99.445,21.973,33.501,53.365,22.423,79.076,108.413,67.775,44.87,67.563,20.501,66.469,18.148,64.802,65.688,65.873,85.995,64.694,10.126,75.363,55.742,85.704,58.002,7.711,76.104,69.142,78.538,22.048,39.051,35.244,5.646,105.284,116.392,101.346,39.374,49.061,93.532,70.015,74.397,103.569,81.614,100.624,92.158,97.251,88.157,106.124,96.864,109.357,62.027,52.067,21.647,64.279,64.23,73.836,95.534,62.672,56.025,41.797,41.702,53.731,60.131,76.733,40.99,32.083,15.008,90.943,52.743,71.277,87.323,67.222,56.406,62.833,90.293,46.563,76.204,75.981,43.018,46.127,66.354,10.182,45.683,94.704,22.557,32.913,88.895,65.942,63.07,111.683,96.655,84.691,67.482,55.137,84.296,62.493,70.641
43.469,33.876,53.014,39.779,100.567,82.564,56.708,31.178,74.057,63.509,100.522,0.0,55.87,21.948,90.87,71.115,29.217,38.446,74.255,89.41,43.747,78.139,80.969,94.951,59.502,47.53,83.25,83.432,38.586,41.41,25.155,59.472,97.612,15.445,76.816,7.541,14.918,79.963,65.632,47.74,26.883,64.939,54.571,87.211,25.819,11.7,74.592,60.293,12.179,97.958,11.959,53.991,98.521,24.16,79.37,19.623,6.139,82.499,21.659,32.729,75.839,90.174,76.423,74.913,78.521,28.972,85.257,24.959,60.673,48.564,60.607,72.725,49.104,89.956,114.744,54.419,70.346,17.515,17.32,48.256,67.042,58.732,24.079,63.175,76.585,53.28,88.168,36.949,28.26,60.84,102.777,86.439,91.764,50.497,52.956,66.012,58.906,56.227,67.352,58.997,75.334,35.803,94.121,62.193,69.937,18.134,79.723,71.688,87.995,108.451,39.343,9.48,70.676,71.488,32.959,99.339,44.449,85.911,69.308,40.63,35.826,71.614,55.998,90.409,29.867,47.449,44.715,63.834,95.698,31.337,38.699,34.783,89.262,73.551,92.848,96.881,5.024,23.166,67.161,65.92,51.497,35.191,69.6,35.831,7.583,22.459,20.937,33.415,32.046,26.252,9.493,44.351,23.492,92.609,51.723,81.27,58.797,59.603,45.021,69.59,67.565,50.992,62.202,86.299,54.962,40.495,30.598,77.864,73.748,94.584,33.377,53.919,34.572,13.772,51.98,82.363,85.251,24.076,53.984,35.336,69.295,89.968,55.124,79.361,91.727,71.352,63.987,103.947,68.232,32.766,81.644,71.545,13.937,17.903,70.981,42.174,62.281,27.043,61.679,31.975
62.359,57.388,71.568,40.998,64.675,73.353,22.179,57.15,55.334,9.139,67.515,55.87,0.0,50.917,38.003,84.717,69.867,23.351,77.241,84.26,53.848,23.712,71.357,63.26,77.025,37.785,44.627,27.711,18.529,18.678,55.942,27.017,64.792,68.407,27.662,51.262,56.235,64.655,32.219,18.275,71.384,19.422,70.269,38.746,69.738,45.318,33.85,4.685,48.311,65.585,67.585,16.784,65.165,77.087,82.155,75.152,50.267,27.664,35.848,24.501,37.758,39.422,72.338,54.916,85.735,35.763,88.14,30.912,31.283,7.53,69.005,56.729,13.205,54.792,70.508,36.56,85.017,71.827,56.166,68.045,23.323,58.006,48.412,66.398,51.603,10.011,33.551,24.932,29.067,48.171,57.675,62.704,63.507,73.456,2.968,63.812,54.502,40.282,24.18,15.478,61.248,32.187,43.084,31.395,19.57,44.076,46.649,56.765,33.4,64.651,66.307,65.327,83.617,67.658,36.797,56.26,13.613,62.047,13.442,19.736,43.644,24.883,68.835,58.863,52.146,24.088,75.998,70.708,60.218,25.013,54.917,61.625,69.35,28.941,43.95,62.132,58.651,78.684,35.351,54.848,37.829,74.656,14.62,20.263,62.623,52.027,43.59,29.965,35.09,63.592,65.028,30.496,76.398,96.504,23.661,46.141,3.791,4.336,11.151,31.153,77.577,54.054,51.714,35.54,16.79,33.402,25.689,71.182,35.563,70.292,71.427,53.928,23.501,49.262,4.308,27.242,91.64,63.825,38.216,20.543,16.951,83.303,43.183,23.577,63.129,23.042,28.601,59.79,47.788,27.745,90.84,15.708,69.806,42.001,23.601,15.802,66.764,60.424,72.287,46.777
22.317,12.738,32.568,20.208,82.139,60.742,60.223,10.418,53.57,59.867,81.401,21.948,50.917,0.0,79.873,50.55,18.959,42.566,52.455,67.464,21.816,74.627,59.193,75.78,39.227,28.833,66.673,76.122,32.534,43.29,5.695,44.544,78.573,23.145,64.857,14.87,9.042,58.708,49.67,50.379,20.726,53.281,33.602,73.964,19.083,24.604,78.083,54.428,28.847,78.804,30.684,42.626,79.566,29.779,57.635,32.317,17.942,73.762,29.002,26.945,59.836,77.88,54.487,54.587,57.191,39.191,63.623,25.534,66.8,43.523,38.905,51.89,40.035,71.898,98.278,36.253,49.967,27.234,7.238,27.75,68.671,36.912,3.204,41.244,57.093,44.672,78.856,41.722,32.237,40.389,87.136,66.118,72.025,31.142,48.023,44.115,37.39,37.156,54.339,59.581,54.114,21.102,81.744,46.098,68.869,32.42,61.875,50.757,78.667,92.069,20.37,27.775,49.968,49.58,16.516,83.128,37.4,65.637,63.602,31.607,15.537,72.369,34.626,71.437,7.949,33.848,28.534,42.094,77.398,27.475,16.803,15.073,68.259,60.095,79.412,78.337,26.939,35.175,73.294,44.797,32.852,24.039,65.536,31.981,22.658,1.218,35.235,40.68,42.187,12.729,25.073,52.349,29.183,71.189,37.869,63.844,52.7,53.532,42.282,73.546,46.273,29.197,41.257,74.283,43.548,23.917,27.05,55.988,58.034,74.031,20.919,32.235,27.513,8.8,46.611,73.986,63.975,12.962,35.33,32.726,67.132,68.023,35.283,73.762,72.057,59.708,68.432,87.894,48.535,38.258,60.664,65.271,30.526,30.34,71.4,35.136,40.377,10.06,40.251,10.828
82.293,81.381,88.354,62.719,41.563,71.589,54.714,82.311,53.424,35.194,46.551,90.87,38.003,79.873,0.0,95.239,97.462,61.329,82.962,82.375,72.763,30.585,69.958,45.139,91.739,55.079,28.285,16.251,52.422,56.663,83.515,36.753,44.927,101.103,15.175,84.993,87.372,61.252,34.432,55.09,100.268,26.613,85.874,11.257,98.667,81.535,54.934,33.392,85.139,45.912,102.828,37.495,44.607,109.057,86.387,109.046,84.849,11.9,72.837,58.151,28.257,6.045,74.706,52.11,92.003,73.747,90.97,66.642,61.946,43.838,80.77,56.412,41.77,36.518,37.274,48.868,96.118,104.935,86.535,86.542,48.255,68.409,76.785,75.853,46.055,37.651,7.54,62.928,66.358,55.512,25.883,52.702,48.8,92.056,40.314,70.667,64.167,50.855,25.955,46.831,60.321,58.775,6.922,37.347,39.694,81.5,35.762,57.318,7.517,32.805,88.861,100.276,93.994,71.866,63.402,27.472,46.574,52.206,27.384,50.355,67.166,45.306,83.278,42.716,77.818,46.042,98.151,80.965,39.157,59.733,76.509,85.579,60.224,21.27,11.475,41.153,94.394,112.452,62.757,59.469,52.248,100.846,31.243,55.624,96.745,80.711,81.294,67.968,73.078,91.295,99.321,67.18,108.407,98.253,42.155,33.167,34.29,33.67,48.747,55.799,87.705,68.803,58.536,6.813,36.537,56.522,60.487,72.052,28.255,56.912,97.625,66.831,56.307,81.341,40.679,13.058,96.046,92.381,50.689,56.607,36.596,80.549,54.558,23.248,48.231,20.165,56.955,28.609,48.928,65.688,97.246,24.752,104.562,79.209,44.235,48.778,76.889,87.488,84.325,71.85
28.276,37.817,18.113,45.165,72.876,31.845,102.098,40.292,43.529,93.326,68.924,71.115,84.717,50.55,95.239,0.0,45.783,87.627,14.923,29.253,32.805,105.494,32.082,64.557,11.662,46.938,69.504,100.143,71.278,86.471,46.145,62.061,67.254,64.054,81.683,64.964,56.199,39.306,61.621,92.904,50.325,74.642,17.036,84.972,50.16,75.115,117.89,85.937,79.392,66.82,76.045,69.009,68.405,63.97,15.801,72.039,68.249,95.445,78.013,68.458,67.141,90.46,24.474,45.075,10.316,88.068,18.452,72.309,110.39,79.407,15.727,40.243,71.537,67.165,93.789,49.571,1.553,66.995,53.796,22.911,107.409,27.599,49.859,19.509,51.26,75.024,98.266,87.379,79.172,40.059,87.725,51.269,58.79,21.135,82.672,24.644,31.709,46.371,72.194,98.466,37.608,55.418,93.245,59.518,104.207,82.787,61.615,39.044,98.083,89.027,31.954,73.611,1.249,24.742,52.403,82.615,72.906,51.295,93.093,67.149,44.63,109.56,16.872,62.568,43.097,60.634,30.12,14.514,69.958,70.476,35.022,36.336,47.249,74.718,88.556,69.509,75.723,72.981,116.311,35.83,47.38,42.043,97.2,73.22,68.694,49.654,85.506,88.006,90.766,45.734,70.217,98.798,63.868,23.154,61.684,64.508,84.334,84.972,81.267,114.324,7.565,30.692,36.807,88.428,69.415,52.227,70.483,27.95,66.984,54.817,41.592,30.919,67.475,59.287,81.092,96.354,15.581,48.296,47.681,74.84,101.264,31.257,42.804,101.348,59.217,78.864,110.253,86.886,46.427,84.937,11.02,93.439,74.262,80.524,108.299,71.601,18.662,44.149,12.457,44.613
23.064,17.476,28.871,35.182,94.533,65.591,78.402,15.673,63.691,78.826,92.885,29.217,69.867,18.959,97.462,45.783,0.0,60.282,52.991,69.533,29.469,93.578,64.475,87.342,34.349,43.642,81.372,94.71,51.491,61.538,14.152,61.178,90.248,18.487,82.31,25.883,16.434,66.494,65.435,68.607,4.766,71.08,31.511,90.676,4.379,37.691,96.422,73.324,40.425,90.305,30.919,60.781,91.331,18.801,57.379,26.279,29.148,92.083,45.026,45.847,75.199,94.977,58.104,64.993,54.782,54.711,62.463,43.357,84.403,62.482,39.706,61.284,58.732,85.001,112.403,50.935,44.701,21.217,15.144,24.977,87.27,43.494,21.528,44.285,68.851,63.365,96.985,59.238,49.589,51.477,102.121,76.017,82.804,24.743,66.978,49.185,45.691,50.742,71.589,78.261,62.257,39.232,98.748,61.926,87.76,45.623,75.531,59.963,96.794,106.368,15.386,28.822,45.66,54.093,34.419,97.737,56.325,75.65,82.466,50.453,30.486,91.106,34.065,83.411,19.701,51.591,16.415,42.872,90.066,46.215,23.799,14.382,76.419,76.995,95.932,90.68,32.814,27.465,90.961,53.859,47.319,6.064,84.484,50.819,24.461,17.84,48.593,57.389,57.856,6.315,25.393,69.128,18.562,68.683,55.325,77.86,71.588,72.418,61.153,91.757,44.291,36.975,51.112,91.554,61.664,40.941,45.738,60.527,73.665,83.147,4.41,40.307,46.47,23.217,65.56,92.386,61.078,6.377,49.569,51.45,86.074,70.695,47.937,92.592,82.952,77.377,86.489,102.542,60.42,55.446,56.784,84.072,28.76,44.329,90.171,54.076,42.979,9.975,39.362,25.647
60.942,53.143,71.399,42.88,85.018,84.618,18.471,51.796,68.993,27.989,87.058,38.446,23.351,42.566,61.329,87.627,60.282,0.0,83.941,94.582,54.822,41.378,82.648,82.221,77.774,44.466,65.044,49.792,18.346,4.674,48.257,42.99,84.18,53.166,50.498,36.367,44.269,77.705,49.535,9.329,60.29,40.5,71.16,61.695,58.755,26.778,36.568,27.937,28.175,84.859,48.991,32.678,84.739,62.116,89.258,57.976,34.14,50.648,16.806,19.295,57.561,62.709,81.516,69.051,91.287,12.775,95.543,17.047,24.236,18.917,72.807,69.408,26.042,74.543,93.096,47.14,87.51,55.828,45.177,66.984,28.596,64.407,41.29,72.09,67.442,27.393,56.54,1.716,10.788,58.434,80.268,78.836,81.309,71.634,21.301,71.496,62.025,50.713,44.789,20.837,73.552,32.629,66.41,47.365,32.089,22.798,65.221,69.009,56.402,87.074,62.026,47.281,86.726,76.365,35.225,78.369,20.771,78.189,35.266,23.498,43.003,33.209,70.771,77.582,47.218,33.66,70.921,75.303,80.287,17.152,53.37,56.722,84.445,50.489,67.049,82.04,39.81,61.491,30.75,65.285,46.574,65.998,33.847,15.124,45.943,43.783,21.526,6.766,11.75,54.627,47.929,11.451,61.426,103.908,36.177,65.43,27.113,27.687,13.545,31.711,81.455,58.217,61.512,58.799,33.331,36.881,17.155,81.308,55.235,87.017,63.088,59.427,20.641,37.147,21.345,50.069,97.838,53.906,48.12,13.252,32.077,94.156,52.266,44.26,81.031,45.459,26.291,82.215,61.394,5.743,95.88,37.881,51.78,21.472,32.632,20.253,71.969,52.578,75.484,43.712
31.249,40.518,24.36,41.267,58.123,16.965,96.483,43.284,29.949,85.295,54.062,74.255,77.241,52.455,82.962,14.923,52.991,83.941,0.0,16.7,31.323,96.264,17.16,49.805,20.642,40.24,56.166,89.438,66.333,82.04,49.303,52.323,52.459,70.119,70.24,67.324,59.779,24.644,50.618,87.905,57.75,64.634,21.496,72.293,57.194,75.993,111.021,77.742,80.656,51.998,81.155,60.742,53.604,71.782,5.375,78.867,70.333,84.402,76.966,64.704,54.706,77.853,9.613,31.424,9.076,86.536,11.665,70.287,105.225,72.901,13.733,26.761,64.405,52.91,79.098,40.774,16.355,73.559,57.337,28.022,100.469,19.659,50.891,11.955,37.681,67.265,86.655,83.983,76.814,29.674,73.533,36.551,44.014,29.218,75.573,13.488,22.77,37.151,61.567,91.899,23.501,51.358,80.371,49.097,96.285,83.077,48.217,25.73,86.479,74.485,37.729,78.466,13.826,11.098,49.502,68.411,66.806,36.616,83.99,61.646,42.356,102.038,19.012,48.035,44.512,53.504,39.494,10.469,55.376,67.055,35.666,40.63,32.327,63.222,75.452,54.832,79.163,80.384,110.74,23.971,39.469,50.639,88.495,68.935,73.317,51.833,85.542,85.454,88.921,51.215,75.232,95.37,71.553,19.971,53.603,51.09,76.269,76.814,75.617,107.908,9.985,25.923,26.112,76.168,60.973,47.138,67.22,13.074,54.876,39.894,49.328,24.52,63.307,61.161,74.047,85.423,14.4,53.851,39.05,70.735,93.092,18.176,34.065,91.431,44.458,68.071,104.355,72.55,34.169,82.161,14.367,83.983,79.92,80.548,100.723,65.913,12.386,48.628,13.644,44.015
47.295,56.167,41.046,53.45,50.28,11.188,105.045,58.949,30.167,91.398,45.332,89.41,84.26,67.464,82.375,29.253,69.533,94.582,16.7,0.0,45.726,100.5,13.104,42.387,37.17,50.128,54.178,91.592,76.367,92.067,64.879,57.6,44.525,86.321,71.746,82.232,75.311,21.299,54.033,97.263,74.299,68.792,38.12,71.183,73.685,90.002,117.961,83.87,94.806,43.823,96.998,67.482,45.56,88.334,13.528,95.208,85.063,86.123,89.772,75.829,55.044,76.706,13.366,31.133,19.344,98.821,12.479,82.573,114.08,81.152,29.894,27.98,72.305,48.05,71.051,48.295,30.806,89.864,72.894,44.563,107.517,31.469,65.548,26.281,36.647,74.319,87.285,94.868,88.689,36.546,68.019,30.53,36.781,45.917,83.081,23.948,32.868,44.534,64.907,99.55,23.451,62.805,78.527,53.586,102.25,96.628,46.627,27.692,87.127,67.406,54.195,94.243,28.485,18.584,61.914,63.024,75.706,30.885,88.724,71.344,55.57,108.372,35.469,42.163,59.548,61.967,56.182,26.681,48.787,78.371,50.749,56.739,23.816,64.958,73.203,47.684,94.39,96.839,119.095,29.663,48.168,67.324,93.643,79.467,89.059,66.974,98.898,96.991,100.934,67.442,91.089,106.002,88.086,16.766,60.975,49.216,82.607,83.02,84.664,115.408,26.392,39.006,33.223,75.838,67.482,57.976,78.659,13.306,55.902,30.325,65.953,36.632,74.138,75.958,81.669,87.309,18.18,70.066,46.955,81.365,98.816,2.373,42.433,94.78,37.333,70.817,112.475,66.489,36.997,93.592,22.243,88.218,95.946,93.977,107.018,75.258,27.289,64.634,30.293,58.112
9.533,12.313,17.723,12.917,65.124,39.01,69.663,14.807,34.274,62.838,63.416,43.747,53.848,21.816,72.763,32.805,29.469,54.822,31.323,45.726,0.0,76.236,37.521,57.874,23.456,17.954,53.069,73.568,38.825,53.745,20.066,36.165,60.782,42.664,57.778,36.511,30.118,37.875,38.749,60.294,33.783,48.032,16.68,64.446,32.598,44.68,86.03,55.845,49.375,60.836,52.066,39.808,61.868,46.89,36.647,51.95,39.345,69.783,45.965,35.683,47.641,69.306,32.676,35.548,37.277,55.794,42.836,39.754,77.762,47.783,18.483,31.993,40.746,55.798,83.446,23.964,32.708,46.575,27.792,14.431,75.692,15.273,19.825,19.675,39.432,44.806,73.817,54.581,46.536,22.08,73.758,46.696,53.364,20.0,51.486,22.316,16.538,22.654,47.111,66.581,33.422,22.853,72.821,35.536,73.388,51.773,46.657,30.71,73.624,77.533,16.672,49.212,31.914,27.77,19.6,69.154,41.118,46.303,63.992,35.085,11.83,78.287,15.957,53.973,14.015,30.473,25.464,21.388,60.72,37.672,5.859,15.15,47.7,51.535,69.291,61.272,48.749,54.23,83.794,24.584,20.517,30.546,67.431,40.522,44.023,21.425,54.274,55.345,58.357,24.964,46.257,66.007,46.461,50.814,32.794,49.15,54.137,54.865,49.031,82.208,26.871,7.806,21.662,66.313,40.45,20.461,37.679,34.2,46.454,54.083,27.735,11.115,34.787,30.231,49.895,70.405,44.036,27.282,22.227,42.096,70.762,46.227,19.329,73.27,53.502,53.601,77.896,73.94,31.086,52.216,41.478,64.864,51.461,49.271,77.089,39.552,18.976,21.273,20.79,12.695
85.15,80.799,93.818,63.663,69.289,89.315,28.062,80.695,70.373,14.887,73.546,78.139,23.712,74.627,30.585,105.494,93.578,41.378,96.264,100.5,76.236,0.0,87.402,70.724,98.85,59.065,51.457,14.352,42.172,37.389,79.643,43.941,71.343,91.472,30.815,74.218,79.758,79.549,46.496,32.639,95.055,31.83,92.203,38.029,93.41,66.956,24.363,20.598,69.174,72.284,89.48,36.674,71.331,100.272,100.76,97.693,72.879,19.231,56.993,48.05,47.08,35.294,89.957,69.526,105.148,53.951,106.358,53.463,33.26,31.139,89.827,72.552,35.819,61.632,67.843,55.979,105.973,94.721,79.782,90.627,18.957,78.041,72.118,86.407,64.698,31.494,23.212,43.088,50.126,66.591,56.085,74.4,72.841,96.14,26.609,82.826,74.133,59.363,35.599,21.413,77.057,55.547,37.456,47.36,10.784,64.102,56.624,72.962,23.191,63.163,89.61,87.451,104.33,85.828,60.264,56.806,37.291,73.785,12.404,43.327,66.761,15.112,90.43,67.154,75.701,45.775,99.329,91.102,65.836,48.278,77.905,85.072,81.798,36.53,41.116,67.903,80.346,101.242,32.84,72.606,58.141,98.348,9.103,43.488,85.23,75.739,62.902,47.949,52.215,87.303,87.517,42.861,99.579,114.477,43.967,54.972,22.35,21.563,33.391,25.623,98.092,75.325,70.153,32.743,36.175,56.096,48.902,88.163,45.584,80.643,95.113,74.624,47.174,72.695,28.019,17.878,110.511,87.526,57.846,43.408,9.397,99.147,62.787,7.431,72.341,30.041,27.765,58.733,63.613,46.932,110.399,12.329,91.975,62.529,14.243,39.51,87.005,84.118,93.27,70.201
41.44,49.171,37.954,42.975,41.257,2.003,92.381,51.889,17.122,78.365,37.001,80.969,71.357,59.193,69.958,32.082,64.475,82.648,17.16,13.104,37.521,87.402,0.0,32.975,36.121,38.474,42.007,78.648,64.327,79.905,57.5,44.578,35.531,79.838,58.841,73.563,67.639,8.774,40.93,84.846,69.184,55.689,34.674,58.862,68.322,80.266,104.98,70.852,85.154,35.018,89.586,54.604,36.661,83.039,18.113,89.016,76.14,73.228,79.066,64.282,42.256,64.425,7.737,18.17,24.661,87.697,21.379,71.599,101.463,68.509,25.799,14.879,59.632,37.064,62.286,35.809,33.503,83.623,65.309,40.303,94.565,22.285,56.89,20.36,23.942,61.46,74.591,83.039,77.407,24.226,57.572,19.924,27.164,43.159,70.267,15.421,22.343,32.096,51.813,86.71,10.348,51.631,66.48,40.515,89.192,86.422,34.238,14.638,74.428,57.933,49.214,86.733,30.974,10.406,51.359,52.472,63.278,20.095,75.622,59.226,45.795,95.338,31.507,31.683,51.52,49.541,53.369,23.224,38.852,66.892,43.113,50.639,15.167,51.996,61.271,38.125,85.992,91.029,106.349,17.364,36.074,63.35,80.549,67.604,81.543,58.89,88.516,85.462,89.636,61.347,83.767,94.002,82.702,28.298,48.27,36.951,69.616,70.013,72.218,102.509,26.399,29.999,21.181,63.324,54.567,46.577,67.239,4.361,42.998,22.739,61.437,27.064,62.468,67.252,68.883,74.392,26.893,63.881,34.617,69.527,85.745,11.949,30.4,81.72,27.641,57.767,99.694,56.355,23.905,82.032,29.314,75.116,88.923,83.696,93.982,62.976,21.772,58.073,27.7,49.055
65.476,70.013,66.098,55.711,8.32,33.802,85.34,72.233,23.946,66.974,5.621,94.951,63.26,75.78,45.139,64.557,87.342,82.221,49.805,42.387,57.874,70.724,32.975,0.0,66.305,47.477,19.405,58.405,65.341,78.194,76.451,39.39,2.928,98.793,39.982,87.517,84.816,25.261,32.723,80.706,91.597,43.9,62.843,34.287,90.348,90.204,92.903,60.654,94.986,3.024,105.733,49.558,4.065,104.242,51.068,108.055,89.103,52.664,85.344,68.248,25.518,39.095,40.196,22.517,57.636,91.315,53.633,77.465,94.305,64.029,54.702,26.81,56.179,9.093,29.317,40.562,65.885,102.865,82.926,66.796,83.606,45.167,72.747,48.677,18.715,55.421,51.675,83.233,81.176,35.959,25.888,13.293,5.812,71.121,63.581,42.382,42.077,38.824,39.113,78.022,27.661,59.606,39.675,35.238,76.218,94.111,17.0,28.203,51.564,25.101,73.63,102.81,63.383,40.187,61.996,21.097,61.543,13.309,61.392,60.523,60.253,82.636,59.58,4.701,69.751,50.478,80.402,53.148,6.622,70.861,63.583,73.008,18.609,35.307,34.208,5.298,99.726,110.773,97.549,33.978,43.473,88.064,66.642,69.29,97.959,75.993,95.341,87.179,92.233,82.576,100.512,92.221,103.754,59.153,46.896,17.121,60.146,60.148,69.12,91.941,58.085,50.532,36.289,39.734,48.949,54.596,71.478,36.761,27.698,12.673,85.447,47.266,66.022,81.725,62.735,54.04,59.379,84.7,40.977,71.119,72.575,40.147,40.505,63.685,5.349,42.038,90.859,24.166,27.294,83.884,62.21,59.813,106.07,91.314,81.313,62.468,50.137,78.707,57.601,65.019
17.215,26.504,6.667,36.335,74.489,36.52,93.076,28.871,43.291,85.907,71.208,59.502,77.025,39.227,91.739,11.662,34.349,77.774,20.642,37.17,23.456,98.85,36.121,66.305,0.0,39.788,67.927,94.862,62.261,76.981,34.63,56.627,69.158,52.494,77.425,53.458,44.584,41.524,57.391,83.636,38.969,69.114,6.785,82.14,38.713,63.831,109.477,78.735,68.011,68.88,64.411,62.181,70.319,52.783,23.995,60.628,56.772,90.558,67.229,58.877,64.357,87.45,28.516,44.863,20.517,77.371,28.419,61.922,101.07,71.165,11.744,40.069,63.842,67.353,94.89,43.86,10.845,55.519,42.192,11.478,99.119,23.533,38.764,17.689,50.635,67.692,93.947,77.401,68.843,36.39,87.428,53.2,60.767,9.606,74.759,23.974,27.727,41.197,67.297,90.025,38.644,46.286,90.562,54.793,96.595,71.599,60.335,38.715,93.757,89.646,20.292,61.961,11.377,26.55,42.768,82.415,64.523,53.081,86.487,58.528,34.963,101.628,8.557,63.583,32.015,53.215,19.31,13.228,70.976,60.705,24.485,24.752,50.712,70.654,86.271,70.865,64.084,61.707,107.166,34.037,41.091,31.004,90.233,63.826,57.034,38.283,74.367,77.675,80.157,34.08,58.572,88.745,52.643,34.334,54.917,63.181,77.062,77.757,72.486,105.664,10.781,23.674,33.742,85.001,62.71,43.786,60.64,31.761,63.804,58.245,30.26,25.05,58.117,47.894,73.167,91.341,26.729,36.65,41.94,65.332,93.857,38.782,37.472,95.327,61.111,73.987,101.325,86.947,44.247,74.72,22.523,87.117,62.673,69.414,100.413,62.997,16.274,32.505,8.714,34.194
27.44,26.663,34.967,8.713,53.46,40.406,56.246,28.009,27.252,46.414,53.071,47.53,37.785,28.833,55.079,46.938,43.642,44.466,40.24,50.128,17.954,59.065,38.474,47.477,39.788,0.0,38.047,55.674,26.359,42.118,30.648,18.339,50.184,51.972,39.993,40.062,37.752,34.68,21.823,47.734,47.146,30.081,33.173,47.332,45.667,43.839,71.19,39.09,48.747,50.493,58.269,22.393,51.127,58.318,45.411,61.087,41.778,51.83,41.07,25.812,31.587,51.936,37.062,27.876,48.336,49.302,51.616,33.382,64.996,32.798,31.221,26.621,24.629,43.104,69.537,7.455,47.266,56.06,36.07,32.258,60.659,20.615,25.68,28.866,29.059,28.112,55.892,44.741,38.963,14.688,58.7,39.232,44.25,37.848,35.806,27.246,17.699,8.699,29.258,51.879,30.186,13.473,55.58,18.359,57.271,49.016,33.045,25.88,55.699,63.363,33.784,55.35,45.834,31.937,14.69,54.509,26.579,38.669,46.699,21.49,13.535,62.648,31.373,42.991,24.163,13.697,43.114,32.975,48.669,28.418,21.443,30.72,42.986,33.988,52.444,49.693,52.364,64.002,70.508,21.217,4.042,46.27,50.503,29.344,50.548,29.237,50.827,46.999,51.175,37.876,53.124,55.899,57.759,60.036,15.143,35.028,37.456,38.118,35.38,67.859,39.803,16.339,17.319,48.765,22.928,8.23,28.771,36.879,30.023,47.523,43.135,16.195,24.038,34.253,34.238,52.46,54.528,39.508,6.545,31.238,54.362,49.763,8.349,55.652,44.203,35.681,64.157,59.3,20.797,43.574,53.323,47.365,58.697,46.219,61.378,25.688,29.108,33.907,34.526,18.556
62.095,64.016,65.807,46.755,20.097,43.549,66.474,65.705,26.217,47.728,23.025,83.25,44.627,66.673,28.285,69.504,81.372,65.044,56.166,54.178,53.069,51.457,42.007,19.405,67.927,38.047,0.0,39.67,49.499,60.755,68.69,24.078,20.448,89.696,20.648,76.172,75.406,33.24,17.634,62.527,85.076,25.227,62.897,17.04,83.631,76.746,73.504,41.675,81.274,21.317,94.742,32.688,20.688,96.328,59.08,98.636,77.163,33.927,70.503,53.42,7.678,22.533,47.35,24.753,65.043,75.207,63.262,62.851,75.323,46.321,56.338,29.426,39.308,10.414,31.661,30.603,70.56,93.769,73.893,65.088,64.28,44.51,63.48,50.797,18.502,37.703,33.824,66.22,65.515,32.094,20.756,24.48,21.505,70.233,45.274,44.977,40.458,30.671,20.544,58.989,32.856,47.518,24.477,21.06,56.82,79.498,7.949,30.535,33.686,25.414,69.733,91.893,68.258,45.16,50.997,16.466,44.909,23.963,41.994,45.184,51.58,63.236,59.917,15.701,62.156,36.159,78.045,55.871,15.595,55.851,58.06,67.733,32.037,16.031,19.345,17.535,87.695,101.688,78.339,34.032,34.169,83.39,47.24,53.452,87.427,67.167,80.327,70.539,75.735,75.802,90.055,74.388,95.759,70.271,32.026,5.095,41.316,41.242,51.605,72.608,62.167,47.165,34.272,21.971,31.917,43.241,56.54,44.454,9.982,29.497,80.405,44.445,51.187,71.005,44.602,35.266,68.544,77.521,31.835,55.133,53.179,52.308,33.757,44.54,20.981,22.702,71.686,21.253,23.685,67.406,70.178,40.411,95.621,76.779,61.915,46.235,52.036,71.825,59.763,56.602
82.941,80.145,90.525,61.874,56.129,80.463,40.113,80.536,61.547,21.939,60.701,83.432,27.711,76.122,16.251,100.143,94.71,49.792,89.438,91.592,73.568,14.352,78.648,58.405,94.862,55.674,39.67,0.0,45.217,45.292,80.559,38.263,58.706,95.385,19.875,78.463,82.514,70.319,38.825,42.255,96.848,25.751,88.487,24.588,95.204,73.023,38.715,23.165,75.993,59.673,95.22,34.295,58.574,103.864,93.508,102.524,77.708,5.751,63.534,51.277,36.704,21.219,82.19,60.484,98.489,62.553,98.709,58.504,46.589,34.871,84.826,64.115,36.103,49.373,53.524,51.013,100.809,98.959,82.113,87.93,32.543,72.576,73.277,80.676,55.036,31.473,8.87,51.484,56.713,60.207,41.931,63.678,61.154,93.52,30.549,76.318,68.435,53.895,27.977,32.511,68.451,55.526,23.148,40.639,23.975,71.592,45.86,64.745,8.844,48.953,88.467,92.908,98.93,78.57,60.36,42.972,39.521,63.102,14.569,44.703,65.711,29.249,86.309,55.236,75.689,43.811,98.114,85.63,53.046,52.235,76.252,84.457,71.224,26.652,27.063,55.106,86.335,106.035,46.87,65.468,53.824,98.871,16.69,47.621,90.005,77.121,70.897,56.558,61.367,88.4,92.464,53.784,103.186,106.523,40.857,43.798,24.635,23.831,38.836,39.78,92.599,71.22,63.625,19.115,33.507,54.71,52.951,79.997,35.695,69.167,95.603,69.921,49.852,75.842,31.456,4.407,103.31,89.046,52.935,48.12,21.224,90.021,57.565,7.152,60.621,21.377,41.354,44.615,55.575,54.82,103.786,12.056,97.362,69.617,28.244,41.872,81.481,84.865,88.369,69.84
