0,1,2,3,4,5,6,7,8,9,10,11,12,13,14,15,16,17,18,19,20,21,22,23,24,25,26,27,28,29,30,31,32,33,34,35,36,37,38,39,40,41,42,43,44,45,46,47,48,49,50,51,52,53,54,55,56,57,58,59,60,61,62,63,64,65,66,67,68,69,70,71,72,73,74,75,76,77,78,79,80,81,82,83,84,85,86,87,88,89,90,91,92,93,94,95,96,97,98,99
0.0,57.087,41.872,39.515,51.579,14.522,22.077,28.206,61.23,52.749,37.96,37.142,32.758,25.205,11.917,45.752,20.198,37.806,14.024,47.024,37.487,23.025,5.667,50.765,39.777,26.168,35.485,52.812,47.142,45.983,58.85,23.908,41.5,38.237,37.328,50.889,65.152,21.351,31.95,57.633,34.647,34.044,25.193,28.602,31.455,62.851,53.924,32.269,42.007,48.726,34.877,51.552,5.404,37.27,48.426,36.534,23.017,8.077,52.754,57.572,34.856,50.109,41.102,18.616,23.61,24.02,59.721,50.212,24.52,20.118,24.769,3.026,61.328,21.068,58.105,44.858,67.389,1.483,61.27,52.62,38.821,26.837,57.182,16.112,19.445,15.24,30.302,12.887,13.802,62.922,51.978,56.186,32.317,32.04,52.726,30.796,23.532,37.465,31.526,45.361
57.087,0.0,72.981,60.467,39.337,70.278,40.854,62.591,106.786,89.162,83.122,60.444,39.346,41.488,67.521,28.079,49.618,86.609,50.625,17.355,64.448,34.984,58.448,7.779,23.972,42.061,91.322,98.65,35.019,75.095,5.89,80.884,25.597,93.494,87.725,80.036,83.0,60.358,86.822,59.691,90.278,57.839,72.822,57.604,56.751,79.96,44.014,88.558,96.416,23.192,60.731,19.5,52.185,87.179,56.213,78.032,72.102,64.161,80.866,81.364,49.611,21.665,66.479,41.401,36.423,80.686,71.493,9.856,81.36,37.998,38.741,60.055,33.16,58.772,82.503,62.199,67.991,56.332,58.567,73.557,66.447,40.779,105.35,41.006,64.927,44.601,40.869,66.948,65.996,8.152,103.37,105.674,69.235,51.416,86.049,50.503,79.455,90.076,32.289,93.707
41.872,72.981,0.0,19.226,45.298,49.054,35.618,13.809,41.182,18.146,76.966,78.983,33.754,65.38,48.657,47.262,26.518,74.737,30.903,55.944,10.359,46.356,36.262,65.249,73.789,31.551,57.423,35.116,43.857,4.634,78.092,38.319,77.271,63.629,73.017,9.018,34.599,20.537,61.338,43.645,58.84,75.849,22.044,70.417,73.245,34.23,45.611,51.592,42.771,52.158,13.351,56.199,40.993,73.422,34.492,77.015,23.72,46.014,10.954,19.771,25.632,53.937,12.479,38.977,41.674,45.208,38.546,74.909,44.049,55.256,36.502,41.506,56.133,62.927,19.044,24.994,51.431,43.3,48.326,22.969,8.628,32.795,42.88,47.767,23.167,54.587,32.113,51.928,29.712,81.089,45.017,44.647,10.441,73.745,13.226,22.836,51.133,70.419,68.477,34.112
39.515,60.467,19.226,0.0,26.867,51.635,27.549,19.418,60.408,37.139,77.47,73.443,22.166,58.008,49.94,32.664,20.023,76.985,25.812,43.134,9.164,38.345,35.646,53.083,65.45,22.455,68.014,54.26,27.15,17.367,66.112,51.864,69.09,72.618,76.144,21.226,25.96,23.801,67.903,24.783,68.222,70.06,37.069,64.918,67.421,23.436,26.518,63.385,61.477,37.71,7.346,41.709,36.523,76.227,15.405,75.885,37.619,46.321,21.02,21.586,11.047,39.409,7.226,31.45,33.487,55.35,21.41,64.601,55.158,47.706,27.946,40.748,37.567,58.298,22.54,6.316,32.878,40.37,29.448,14.338,10.645,23.552,62.029,40.465,31.052,47.662,21.502,52.041,36.434,68.586,63.948,63.732,25.553,67.122,31.156,11.606,57.919,75.283,60.654,53.005
51.579,39.337,45.298,26.867,0.0,66.072,29.504,42.714,86.05,63.443,84.008,68.043,18.968,47.666,63.368,12.023,34.541,86.157,39.753,22.748,34.943,30.858,51.363,32.606,47.363,25.803,86.953,79.345,5.463,44.209,45.227,73.754,51.04,89.813,86.617,48.019,43.687,45.617,83.425,20.374,86.2,64.559,60.066,61.523,62.385,40.652,4.792,83.549,84.864,16.344,32.178,19.876,46.21,86.266,17.238,79.986,60.391,59.604,47.387,43.626,20.537,17.771,34.085,33.1,28.773,75.242,32.156,44.936,75.633,39.089,26.833,54.512,10.838,59.171,45.027,24.978,29.007,51.198,19.475,35.397,36.76,24.922,87.053,37.619,53.036,43.992,21.611,63.458,57.164,47.108,88.18,88.493,49.382,59.139,57.844,25.273,75.073,88.0,45.295,77.25
14.522,70.278,49.054,51.635,66.072,0.0,36.581,36.724,64.304,58.194,27.912,31.941,47.279,30.633,2.781,60.067,33.773,26.004,27.702,61.212,47.448,37.236,16.155,64.443,48.622,40.67,21.199,56.328,61.585,53.492,71.316,18.899,48.756,23.751,24.73,57.835,76.29,29.934,17.441,71.773,20.275,29.277,30.351,24.219,27.055,74.339,68.445,18.329,40.234,62.991,45.866,65.795,19.862,24.944,62.408,28.23,28.037,6.468,59.973,66.606,48.839,64.366,51.202,33.032,37.921,11.822,72.637,61.918,13.368,32.288,39.244,11.793,75.694,17.246,66.771,57.47,81.362,14.882,75.584,63.396,48.198,41.357,59.248,30.088,25.887,25.681,44.817,4.317,19.39,75.386,52.285,57.526,38.847,29.242,58.435,44.428,9.223,23.691,39.631,48.355
22.077,40.854,35.618,27.549,29.504,36.581,0.0,22.787,65.955,49.721,56.45,46.807,10.793,30.462,33.9,23.895,9.344,57.798,10.671,26.583,29.177,10.874,21.978,33.254,38.224,5.519,57.48,57.796,25.126,39.197,44.869,44.507,41.77,60.313,57.931,44.296,52.892,19.507,53.969,37.6,56.701,43.315,32.685,38.583,40.717,50.023,31.901,54.16,57.275,27.092,25.591,30.244,16.725,57.679,29.467,53.309,32.388,30.115,45.91,49.04,17.378,28.587,32.343,4.426,6.064,45.874,43.667,39.986,46.299,20.158,2.772,25.013,39.397,33.323,49.961,30.944,47.729,21.731,40.423,41.881,30.975,5.252,64.547,13.089,24.919,20.513,8.724,34.161,28.01,48.432,63.039,64.989,28.916,39.851,47.822,15.958,45.575,58.887,33.2,53.024
28.206,62.591,13.809,19.418,42.714,36.724,22.787,0.0,45.107,26.944,64.384,65.225,25.613,51.58,35.884,40.251,13.444,62.725,17.109,46.549,11.476,33.026,22.719,54.827,60.395,20.658,49.554,37.564,39.307,17.808,67.124,32.552,63.767,54.787,61.323,22.811,40.527,6.94,51.066,44.058,50.18,62.07,17.699,56.646,59.461,39.082,44.292,44.526,42.298,44.589,12.089,48.395,27.192,61.606,34.605,63.974,18.202,32.907,24.6,29.907,22.292,46.32,15.136,25.471,28.656,36.822,40.387,62.756,36.349,41.519,24.234,28.064,53.264,49.198,30.185,25.701,52.293,29.595,48.69,27.568,11.603,21.926,45.021,34.014,12.253,40.78,23.194,38.895,18.496,70.475,45.521,46.159,6.981,59.937,25.276,17.441,40.777,59.442,54.805,34.646
61.23,106.786,41.182,60.408,86.05,64.304,65.955,45.107,0.0,23.659,90.797,96.236,70.676,86.405,64.706,85.28,57.267,87.347,56.92,91.438,51.42,73.899,56.106,99.124,99.057,65.555,63.162,8.511,83.623,43.972,110.76,45.676,101.634,70.254,85.013,42.086,73.478,46.504,71.543,84.425,66.045,93.422,36.581,88.113,90.996,73.723,86.727,57.105,25.2,89.688,53.904,93.501,62.188,85.671,75.586,91.948,38.439,63.01,44.531,57.359,65.673,91.423,53.547,66.433,70.89,54.959,78.831,104.93,52.937,78.767,68.061,59.985,96.86,80.618,55.586,65.949,91.8,62.697,89.111,63.112,49.792,66.791,5.497,71.825,43.818,75.946,68.296,68.167,47.477,114.378,13.094,7.799,38.142,92.216,30.372,61.517,62.98,81.002,91.827,16.044
52.749,89.162,18.146,37.139,63.443,58.194,49.721,26.944,23.659,0.0,85.406,89.817,50.655,76.914,58.354,64.748,40.383,82.239,43.117,72.589,28.5,59.689,47.092,81.383,86.816,47.112,59.537,18.233,61.861,20.347,93.899,40.537,90.023,66.653,80.046,18.461,49.959,32.204,66.799,60.774,62.05,86.746,27.872,81.306,84.165,50.179,63.637,53.209,29.18,69.511,31.418,73.503,52.22,80.641,52.074,86.313,30.183,56.191,20.95,33.82,43.63,71.288,30.109,52.045,55.524,49.777,55.226,89.699,47.865,67.376,51.155,52.135,74.277,73.747,32.059,42.371,68.179,54.218,65.459,39.498,26.713,48.393,25.916,59.898,33.312,66.064,48.662,61.843,39.287,97.147,28.463,27.816,21.15,84.788,6.759,40.284,57.6,76.39,80.767,18.448
37.96,83.122,76.966,77.47,84.008,27.912,56.45,64.384,90.797,85.406,0.0,22.911,66.97,41.736,28.5,75.985,57.975,4.382,51.868,75.37,74.692,53.266,42.273,77.751,59.321,61.556,27.855,83.042,78.938,81.397,83.579,45.234,58.12,21.395,6.637,85.733,102.979,57.488,19.296,93.916,24.937,25.351,57.825,25.528,26.383,100.758,87.215,33.721,65.618,77.923,72.547,80.154,41.587,5.872,85.228,5.124,55.53,31.624,87.884,94.285,71.911,79.036,78.407,52.174,55.358,35.886,97.505,73.886,37.899,46.467,58.396,36.936,91.637,25.115,94.544,82.784,103.963,37.215,96.871,90.293,75.684,61.687,85.458,46.391,53.799,40.33,65.173,25.664,47.287,87.543,77.945,83.47,66.744,31.737,85.944,68.355,27.88,10.856,50.837,75.056
37.142,60.444,78.983,73.443,68.043,31.941,46.807,65.225,96.236,89.817,22.911,0.0,55.242,20.843,31.572,57.906,53.658,26.613,48.539,54.625,73.741,38.434,42.802,55.538,36.528,52.31,39.828,88.221,62.607,83.033,60.766,50.748,35.28,37.502,27.979,88.001,99.273,58.446,31.91,82.902,37.395,3.553,61.951,8.604,6.092,96.521,72.107,42.707,71.942,58.28,70.472,59.537,38.094,27.361,75.833,17.787,59.643,33.634,89.824,93.931,64.173,58.942,77.143,42.513,42.442,42.055,90.464,51.09,44.035,29.131,47.37,37.693,72.632,16.078,94.66,77.453,93.005,35.693,84.465,87.644,75.356,51.671,91.185,33.846,56.558,26.35,54.625,28.089,50.53,64.712,84.132,89.436,69.455,9.423,89.846,62.243,34.586,30.938,28.464,80.263
32.758,39.346,33.754,22.166,18.968,47.279,10.793,25.613,70.676,50.655,66.97,55.242,0.0,37.124,44.629,14.643,15.651,68.5,20.795,22.193,25.145,17.144,32.399,31.683,43.329,6.841,68.01,63.174,14.761,35.776,44.665,54.808,46.973,70.975,68.688,40.761,46.665,26.998,64.695,27.772,67.298,51.694,41.447,47.47,49.194,43.661,21.166,64.581,66.37,19.043,21.417,22.945,27.459,68.421,20.787,63.58,41.632,40.823,41.78,43.734,11.149,20.797,27.539,14.841,12.801,56.274,36.058,42.518,56.668,26.874,8.577,35.629,29.067,43.168,44.704,24.957,37.93,32.475,30.031,36.353,27.132,5.961,70.587,21.691,34.199,29.075,2.668,44.95,38.22,47.487,70.614,71.611,32.595,47.489,46.926,11.171,56.169,69.681,38.687,59.914
25.205,41.488,65.38,58.008,47.666,30.633,30.462,51.58,86.405,76.914,41.736,20.843,37.124,0.0,28.233,37.146,39.048,45.141,34.477,34.067,59.468,20.026,30.381,36.022,18.185,35.676,50.435,77.963,42.204,69.314,42.025,46.106,18.133,52.135,46.241,74.369,83.236,44.974,45.46,64.052,49.173,17.568,50.121,16.263,15.882,80.311,51.932,48.646,66.3,37.468,55.912,38.953,24.749,45.697,57.891,36.739,48.057,26.555,76.107,79.415,47.501,38.206,62.67,26.618,24.756,42.217,73.151,32.358,43.435,10.358,30.243,26.78,51.795,17.3,80.308,61.301,73.974,23.757,65.03,72.342,61.241,34.698,82.379,17.652,43.803,10.851,37.155,26.705,38.929,46.028,76.943,81.328,56.126,11.568,76.559,46.419,39.142,48.588,9.298,70.565
11.917,67.521,48.657,49.94,63.368,2.781,33.9,35.884,64.706,58.354,28.5,31.572,44.629,28.233,0.0,57.297,31.583,27.164,25.447,58.431,46.312,34.456,14.295,61.668,46.095,38.082,23.981,56.655,58.852,53.026,68.595,19.775,46.365,26.492,26.204,57.534,74.932,28.994,20.069,69.425,23.053,28.719,30.484,23.47,26.344,72.879,65.789,21.052,41.113,60.211,44.453,63.014,17.177,26.303,60.126,28.37,28.172,3.864,59.606,65.787,46.545,61.586,50.049,30.301,35.155,13.987,70.748,59.23,15.293,29.526,36.536,9.459,72.933,16.151,66.048,55.65,79.094,12.172,73.146,62.108,47.218,38.728,59.758,27.307,25.55,22.934,42.204,3.492,19.211,72.668,52.987,58.121,38.584,28.097,58.498,42.255,12.004,25.739,37.108,48.708
45.752,28.079,47.262,32.664,12.023,60.067,23.895,40.251,85.28,64.748,75.985,57.906,14.643,37.146,57.297,0.0,29.814,78.628,34.446,11.06,37.756,23.036,45.851,21.021,35.352,20.835,81.23,77.814,7.184,48.299,33.882,68.402,39.032,83.769,79.343,53.001,55.222,41.327,77.192,32.131,80.339,54.518,55.663,52.102,52.535,52.179,16.809,78.015,80.574,5.053,34.185,9.092,40.351,78.912,28.356,71.561,55.714,53.636,53.447,53.287,22.238,6.787,39.054,27.155,22.149,69.741,43.789,33.273,70.172,29.756,21.123,48.769,15.741,50.876,54.435,34.121,40.979,45.238,31.451,45.491,39.773,19.798,85.229,30.21,48.226,35.664,17.162,57.067,51.879,36.115,85.149,86.234,47.231,48.714,60.481,24.492,69.257,81.145,33.573,74.505
20.198,49.618,26.518,20.023,34.541,33.773,9.344,13.444,57.267,40.383,57.975,53.658,15.651,39.048,31.583,29.814,0.0,58.004,6.18,34.311,20.423,19.844,17.755,41.907,47.28,8.979,53.057,49.281,30.395,30.293,53.916,39.215,50.752,56.646,57.484,35.37,45.981,11.552,50.975,38.116,52.648,50.327,25.859,45.085,47.687,43.435,36.446,49.272,50.784,33.577,16.919,37.09,16.583,57.45,28.667,56.062,25.989,27.761,37.07,40.462,15.152,35.208,23.666,12.486,15.274,40.949,39.552,49.317,41.232,28.86,10.926,22.125,44.7,38.299,41.303,24.875,47.599,20.768,42.163,34.016,22.194,10.056,56.31,21.398,18.548,28.325,12.983,33.058,22.628,57.371,55.53,57.003,19.704,47.693,38.533,10.672,41.665,57.321,42.009,45.112
37.806,86.609,74.737,76.985,86.157,26.004,57.798,62.725,87.347,82.239,4.382,26.613,68.5,45.141,27.164,78.628,58.004,0.0,51.829,78.511,73.405,55.686,41.388,81.156,62.829,62.677,24.241,79.602,81.214,79.243,87.086,41.881,61.645,17.467,2.417,83.339,102.096,55.934,15.804,94.892,21.336,28.91,54.956,29.008,29.896,100.031,89.156,30.243,62.155,80.845,71.617,83.247,42.063,1.698,85.939,9.024,52.69,30.673,85.575,92.59,72.454,82.036,77.153,53.661,57.388,32.537,97.509,77.392,34.526,49.419,59.978,36.24,94.347,28.043,92.714,82.551,104.828,37.351,98.13,89.264,74.198,62.973,82.002,48.629,51.642,43.018,66.492,24.992,45.045,91.051,74.473,80.004,64.394,35.252,82.99,68.578,24.644,6.676,54.32,71.622
14.024,50.625,30.903,25.812,39.753,27.702,10.671,17.109,56.92,43.117,51.868,48.539,20.795,34.477,25.447,34.446,6.18,51.829,0.0,37.16,25.208,17.046,11.859,43.232,43.707,13.954,47.441,48.558,35.549,34.842,54.108,34.017,46.915,50.819,51.305,39.895,51.693,10.981,44.996,44.084,46.913,45.277,22.263,39.938,42.644,49.244,41.755,43.839,46.638,37.739,21.984,40.915,10.754,51.27,34.708,50.089,21.797,21.612,41.637,45.391,21.137,39.247,28.608,9.514,14.212,35.519,45.704,48.02,35.885,24.437,13.41,15.99,49.848,32.862,46.137,30.922,53.666,14.655,47.998,39.469,26.871,14.861,54.901,16.926,14.398,23.687,18.143,26.878,17.444,57.866,52.781,55.085,21.989,42.906,42.239,16.829,35.856,51.186,37.774,43.132
47.024,17.355,55.944,43.134,22.748,61.212,26.583,46.549,91.438,72.589,75.37,54.625,22.193,34.067,58.431,11.06,34.311,78.511,37.16,0.0,47.175,24.001,47.419,10.005,25.49,25.913,82.411,83.557,18.227,57.825,22.991,70.148,29.048,84.816,79.47,62.733,66.28,45.668,78.161,43.107,81.478,51.521,59.266,50.211,49.945,63.237,27.492,79.261,83.794,6.419,43.471,4.917,41.673,78.967,39.415,70.538,58.946,54.814,63.519,64.187,32.256,5.327,49.127,28.863,23.703,71.043,54.843,22.218,71.532,29.159,24.001,50.049,19.5,50.469,65.29,45.071,51.687,46.465,42.169,56.476,49.181,24.662,90.62,31.125,51.494,35.771,23.951,58.077,54.066,25.498,89.546,91.266,53.406,45.202,69.099,33.282,70.432,81.632,27.088,79.338
37.487,64.448,10.359,9.164,34.943,47.448,29.177,11.476,51.42,28.5,74.692,73.741,25.145,59.468,46.312,37.756,20.423,73.405,25.208,47.175,0.0,40.051,32.479,56.818,67.325,24.317,61.022,45.139,33.748,10.65,69.81,43.722,70.916,66.249,72.166,15.619,29.132,17.622,62.382,33.926,61.652,70.485,28.294,65.138,67.852,27.61,35.31,55.935,52.335,42.749,3.732,46.809,35.725,72.391,24.568,73.871,29.064,43.068,16.839,20.203,15.661,44.516,3.759,32.883,35.211,48.292,29.397,67.381,47.784,49.272,29.722,37.866,45.777,57.947,20.931,15.265,41.847,38.705,38.593,16.153,2.019,25.478,52.907,41.817,23.729,48.736,23.944,49.038,29.891,72.597,54.784,54.584,16.459,68.054,23.134,13.978,52.124,70.556,62.373,43.841
23.025,34.984,46.356,38.345,30.858,37.236,10.874,33.026,73.899,59.689,53.266,38.434,17.144,20.026,34.456,23.036,19.844,55.686,17.046,24.001,40.051,0.0,23.67,28.132,27.436,15.891,58.435,65.495,25.693,50.042,37.77,46.358,30.928,60.877,56.339,55.136,63.32,27.914,54.257,44.521,57.507,34.881,38.409,31.117,32.471,60.368,34.399,55.264,61.45,25.76,36.463,28.559,17.709,55.924,37.931,49.137,37.424,30.83,56.775,59.901,27.578,27.13,43.213,7.666,4.858,47.042,53.129,31.044,47.54,9.73,10.4,26.051,38.776,28.321,60.828,41.426,54.592,22.465,46.054,52.64,41.848,14.821,71.622,7.184,30.577,13.144,17.145,34.136,31.013,41.683,68.84,71.598,38.567,30.394,58.286,26.741,46.455,58.109,22.329,59.721
5.667,58.448,36.262,35.646,51.363,16.155,21.978,22.719,56.106,47.092,42.273,42.802,32.399,30.381,14.295,45.851,17.755,41.388,11.859,47.419,32.479,23.67,0.0,51.778,43.651,25.587,35.65,47.635,47.09,40.421,60.687,22.734,45.812,38.96,40.499,45.274,60.772,15.805,33.223,55.866,35.066,39.71,19.743,34.268,37.121,58.652,53.467,32.192,38.707,48.878,30.3,51.789,6.59,40.586,46.42,41.419,17.689,10.726,47.17,52.359,32.899,50.29,36.169,18.714,23.788,23.898,56.508,52.615,24.322,23.393,24.744,5.393,61.374,26.724,52.797,41.374,65.337,7.13,59.844,48.028,33.625,26.441,52.367,17.793,13.782,19.844,29.787,16.614,8.751,64.715,47.758,51.592,26.653,37.702,47.059,28.355,23.997,39.836,35.891,40.424
50.765,7.779,65.249,53.083,32.606,64.443,33.254,54.827,99.124,81.383,77.751,55.538,31.683,36.022,61.668,21.021,41.907,81.156,43.232,10.005,56.818,28.132,51.778,0.0,20.51,34.282,85.594,91.026,28.145,67.456,13.04,74.393,23.233,87.906,82.239,72.424,76.204,52.758,81.242,52.979,84.61,52.757,65.483,52.235,51.523,73.161,37.305,82.644,89.363,16.283,53.093,12.737,45.664,81.701,49.351,72.719,64.859,58.174,73.326,74.191,42.146,14.836,58.967,34.164,29.091,74.609,64.75,12.422,75.21,32.197,31.063,53.77,27.052,53.252,75.291,55.074,61.375,50.087,51.905,66.476,58.81,33.001,97.797,34.658,57.596,38.846,33.14,61.217,59.071,15.84,96.013,98.187,61.491,46.301,78.297,42.852,73.656,84.561,27.084,86.218
39.777,23.972,73.789,65.45,47.363,48.622,38.224,60.395,99.057,86.816,59.321,36.528,43.329,18.185,46.095,35.352,47.28,62.829,43.707,25.49,67.325,27.436,43.651,20.51,0.0,43.051,68.607,90.547,42.441,77.418,24.259,62.769,3.686,70.153,63.957,82.519,89.879,54.667,63.489,67.32,67.309,33.979,62.512,33.826,32.938,86.844,52.154,66.775,81.784,31.64,63.701,29.651,37.189,63.407,63.094,54.216,60.837,43.777,84.107,87.035,54.474,30.818,70.413,34.923,32.162,60.0,78.619,14.568,61.078,20.349,37.603,42.117,44.787,35.288,87.975,68.283,76.324,38.543,66.8,79.682,69.15,41.928,95.801,27.307,55.306,24.675,43.948,44.805,52.377,28.222,91.401,95.181,65.671,27.584,85.67,53.879,57.3,66.351,8.991,83.791
26.168,42.061,31.551,22.455,25.803,40.67,5.519,20.658,65.555,47.112,61.556,52.31,6.841,35.676,38.082,20.835,8.979,62.677,13.954,25.913,24.317,15.891,25.587,34.282,43.051,0.0,61.224,57.754,21.597,34.609,46.828,47.967,46.669,64.289,62.682,39.711,47.573,20.512,58.109,32.366,60.555,48.812,34.831,44.102,46.219,44.672,27.889,57.753,59.749,24.644,20.664,28.23,21.006,62.473,24.014,58.584,34.919,34.244,41.146,44.024,11.921,26.297,27.362,9.916,11.034,49.443,38.157,43.366,49.83,25.33,5.491,28.945,35.901,38.772,44.955,25.629,42.449,26.01,35.456,36.751,26.18,1.282,64.95,18.533,27.45,25.992,4.2,38.621,31.38,50.036,64.441,65.766,27.493,45.261,44.318,10.855,49.433,63.398,38.204,53.927
35.485,91.322,57.423,68.014,86.953,21.199,57.48,49.554,63.162,59.537,27.855,39.828,68.01,50.435,23.981,81.23,53.057,24.241,47.441,82.411,61.022,58.435,35.65,85.594,68.607,61.224,0.0,55.504,82.599,62.042,92.16,19.625,68.097,7.168,21.883,64.669,89.856,44.235,8.739,90.95,2.919,39.596,35.476,37.078,39.042,88.59,89.112,6.332,37.964,84.186,61.09,86.994,40.889,22.553,81.385,29.631,33.703,27.606,67.243,76.983,68.112,85.564,64.624,54.1,59.082,12.734,89.409,82.603,13.427,53.401,60.218,32.485,96.813,33.59,76.45,74.278,100.027,35.993,95.175,76.995,60.777,62.049,57.81,51.287,37.319,46.756,65.422,24.382,31.58,96.207,50.275,55.808,47.241,43.575,61.39,63.297,11.98,17.846,59.721,47.591
52.812,98.65,35.116,54.26,79.345,56.328,57.796,37.564,8.511,18.233,83.042,88.221,63.174,77.963,56.655,77.814,49.281,79.602,48.558,83.557,45.139,65.495,47.635,91.026,90.547,57.754,55.504,0.0,76.559,38.317,102.515,37.835,93.126,62.633,77.275,36.678,68.192,38.298,63.804,78.716,58.357,85.344,28.073,79.999,82.882,68.408,80.31,49.391,17.934,82.107,47.385,85.86,53.689,77.93,69.601,84.172,29.955,54.834,39.176,52.052,58.842,83.824,47.592,58.071,62.6,47.169,73.434,96.536,45.15,70.256,59.981,51.629,90.1,72.476,50.292,60.097,86.365,54.283,83.401,57.706,43.617,58.971,7.769,63.319,35.321,67.468,60.722,60.132,39.035,106.173,10.512,9.589,30.586,84.001,24.988,54.444,55.192,73.29,83.324,7.99
47.142,35.019,43.857,27.15,5.463,61.585,25.126,39.307,83.623,61.861,78.938,62.607,14.761,42.204,58.852,7.184,30.395,81.214,35.549,18.227,33.748,25.693,47.09,28.145,42.441,21.597,82.599,76.559,0.0,43.852,40.884,69.564,46.126,85.336,81.744,48.196,48.059,41.63,78.875,24.952,81.79,59.13,56.103,56.163,56.973,45.017,9.981,79.28,80.996,11.866,30.506,15.535,41.747,81.371,21.212,74.822,56.346,55.122,48.17,46.628,18.235,13.355,34.049,28.553,23.923,70.988,36.616,40.445,71.404,33.705,22.382,50.118,14.307,54.008,47.866,27.458,33.899,46.704,24.394,38.658,35.707,20.688,84.168,32.597,48.937,38.785,17.423,58.827,52.977,42.935,84.798,85.429,46.162,53.682,56.874,22.123,70.672,83.251,39.976,73.951
45.983,75.095,4.634,17.367,44.209,53.492,39.197,17.808,43.972,20.347,81.397,83.033,35.776,69.314,53.026,48.299,30.293,79.243,34.842,57.825,10.65,50.042,40.421,67.456,77.418,34.609,62.042,38.317,43.852,0.0,80.438,42.887,80.964,68.262,77.554,5.107,30.634,24.633,65.952,40.459,63.473,79.875,26.631,74.453,77.264,30.451,43.767,56.19,46.328,53.315,14.365,57.374,44.987,77.948,31.776,81.356,28.342,50.312,6.798,15.326,26.088,55.075,10.143,42.779,45.257,49.842,35.144,77.858,48.676,59.143,39.876,45.707,54.933,67.003,14.463,22.035,48.062,47.389,45.147,19.434,8.648,35.805,46.044,51.672,27.621,58.529,34.499,56.251,34.199,83.244,48.377,47.901,15.054,77.713,13.937,24.605,55.735,75.007,72.3,37.487
58.85,5.89,78.092,66.112,45.227,71.316,44.869,67.124,110.76,93.899,83.579,60.766,44.665,42.025,68.595,33.882,53.916,87.086,54.108,22.991,69.81,37.77,60.687,13.04,24.259,46.828,92.16,102.515,40.884,80.438,0.0,82.753,25.514,94.138,88.208,85.424,88.886,64.256,87.462,65.581,91.038,58.236,76.082,58.078,57.196,85.846,49.904,89.642,99.084,29.037,66.082,25.379,54.265,87.66,62.087,78.475,75.182,65.428,86.357,87.143,55.185,27.53,72.004,44.685,39.939,82.001,77.383,9.694,82.771,39.237,42.99,61.748,39.023,59.325,88.263,67.996,73.876,57.996,64.455,79.374,71.796,45.55,109.005,42.975,68.203,45.687,46.027,67.856,68.569,4.083,106.581,109.164,73.617,51.843,91.063,55.835,80.413,90.576,32.783,97.226
23.908,80.884,38.319,51.864,73.754,18.899,44.507,32.552,45.676,40.537,45.234,50.748,54.808,46.106,19.775,68.402,39.215,41.881,34.017,70.148,43.722,46.358,22.734,74.393,62.769,47.967,19.625,37.835,69.564,42.887,82.753,0.0,63.831,26.467,39.619,45.159,71.813,28.419,26.274,76.087,21.734,48.171,16.288,43.096,45.943,70.855,75.658,13.456,21.358,71.509,44.597,74.471,28.731,40.242,66.535,46.342,14.893,19.651,47.771,58.055,53.788,72.943,47.112,41.376,46.487,9.351,72.938,74.08,7.36,43.881,47.278,21.075,83.865,35.911,57.348,58.175,84.633,24.827,80.598,59.203,43.043,48.877,40.491,39.884,20.945,38.189,52.151,23.01,16.589,86.821,33.398,38.692,28.504,47.872,41.941,48.836,17.364,35.864,54.038,29.845
41.5,25.597,77.271,69.09,51.04,48.756,41.77,63.767,101.634,90.023,58.12,35.28,46.973,18.133,46.365,39.032,50.752,61.645,46.915,29.048,70.916,30.928,45.812,23.233,3.686,46.669,68.097,93.126,46.126,80.964,25.514,63.831,0.0,69.318,62.796,86.06,93.535,57.827,62.684,71.006,66.685,32.77,65.053,32.699,31.75,90.502,55.831,66.664,83.406,35.255,67.304,33.101,39.499,62.239,66.764,53.012,63.264,44.487,87.677,90.674,58.117,34.373,74.03,38.323,35.717,60.346,82.291,15.931,61.544,22.924,41.201,43.613,48.241,34.565,91.611,71.928,80.006,40.182,70.481,83.325,72.731,45.553,98.153,30.219,58.039,26.26,47.589,44.784,54.563,29.434,93.417,97.401,68.904,26.394,89.034,57.51,57.12,65.248,9.974,86.175
38.237,93.494,63.629,72.618,89.813,23.751,60.313,54.787,70.254,66.653,21.395,37.502,70.975,52.135,26.492,83.769,56.646,17.467,50.819,84.816,66.249,60.877,38.96,87.906,70.153,64.289,7.168,62.633,85.336,68.262,94.138,26.467,69.318,0.0,15.057,71.184,95.289,49.039,6.677,94.74,4.801,38.353,41.896,37.017,38.499,93.858,92.137,13.457,45.053,86.636,65.932,89.41,43.606,15.771,85.229,24.03,39.977,30.217,73.71,82.993,71.792,87.997,69.922,56.783,61.639,18.426,94.018,84.489,19.687,55.726,62.991,35.351,99.42,34.869,82.582,78.803,104.04,38.633,98.795,82.35,66.218,65.032,64.893,53.712,42.553,49.076,68.464,26.744,36.421,98.154,57.353,62.886,53.308,43.565,68.376,67.103,14.981,10.874,61.418,54.737
37.328,87.725,73.017,76.144,86.617,24.73,57.931,61.323,85.013,80.046,6.637,27.979,68.688,46.241,26.204,79.343,57.484,2.417,51.305,79.47,72.166,56.339,40.499,82.239,63.957,62.682,21.883,77.275,81.744,77.554,88.208,39.619,62.796,15.057,0.0,81.525,101.011,54.611,13.472,94.751,18.983,30.13,52.942,30.131,31.051,99.027,89.507,27.908,59.82,81.695,70.565,84.18,41.86,0.765,85.681,10.778,50.697,29.867,83.801,91.112,72.141,82.923,75.923,53.879,57.852,30.292,96.875,78.514,32.26,50.33,60.217,35.499,95.08,29.023,91.17,81.825,104.616,37.023,98.126,88.125,72.857,63.058,79.667,49.222,50.016,43.834,66.582,24.44,43.401,92.177,72.136,77.668,62.632,36.405,80.9,68.117,22.509,4.266,55.439,69.3
50.889,80.036,9.018,21.226,48.019,57.835,44.296,22.811,42.086,18.461,85.733,88.001,40.761,74.369,57.534,53.001,35.37,83.339,39.895,62.733,15.619,55.136,45.274,72.424,82.519,39.711,64.669,36.678,48.196,5.107,85.424,45.159,86.06,71.184,81.525,0.0,31.636,29.555,69.443,42.53,66.384,84.865,29.293,79.434,82.26,31.758,47.1,58.608,45.3,58.037,19.35,62.091,50.002,81.967,34.517,85.904,31.298,54.959,2.752,15.529,30.764,59.787,14.149,47.857,50.358,52.882,36.765,82.937,51.498,64.208,44.983,50.505,58.605,71.946,13.945,24.703,49.721,52.319,47.197,21.037,13.65,40.904,44.371,56.733,31.988,63.582,39.543,60.849,38.447,88.187,46.788,46.267,18.989,82.748,11.714,29.597,59.365,78.703,77.379,36.003
65.152,83.0,34.599,25.96,43.687,76.29,52.892,40.527,73.478,49.959,102.979,99.273,46.665,83.236,74.932,55.222,45.981,102.096,51.693,66.28,29.132,63.32,60.772,76.204,89.879,47.573,89.856,68.192,48.059,30.634,88.886,71.813,93.535,95.289,101.011,31.636,0.0,46.709,91.513,23.872,90.649,95.859,55.727,90.787,93.225,3.043,39.139,84.531,76.815,59.922,30.481,63.51,62.436,101.184,26.867,101.657,56.922,71.493,29.069,16.149,35.746,61.382,25.407,56.979,58.505,77.169,11.792,88.493,76.499,72.881,52.994,66.058,50.665,84.253,17.9,21.95,21.056,66.123,26.104,12.979,29.09,48.54,75.858,65.956,52.737,73.281,46.221,77.367,59.007,90.795,78.363,77.769,43.403,92.713,43.208,37.066,81.256,99.606,85.352,67.637
21.351,60.358,20.537,23.801,45.617,29.934,19.507,6.94,46.504,32.204,57.488,58.446,26.998,44.974,28.994,41.327,11.552,55.934,10.981,45.668,17.622,27.914,15.805,52.758,54.667,20.512,44.235,38.298,41.63,24.633,64.256,28.419,57.827,49.039,54.611,29.555,46.709,0.0,44.84,47.669,44.554,55.315,14.474,49.882,52.714,45.021,47.464,39.597,39.379,45.129,16.898,48.631,20.484,54.863,38.118,57.036,14.777,25.974,31.403,36.8,25.49,46.759,21.379,20.269,24.439,31.552,45.178,58.703,31.37,35.193,21.786,21.135,55.895,42.393,37.117,30.093,56.288,22.768,52.19,33.736,18.264,21.607,45.065,27.702,7.483,34.139,24.342,31.964,12.667,67.884,43.992,45.606,11.167,53.239,31.586,20.536,34.633,52.934,48.576,33.67
31.95,86.822,61.338,67.903,83.425,17.441,53.969,51.066,71.543,66.799,19.296,31.91,64.695,45.46,20.069,77.192,50.975,15.804,44.996,78.161,62.382,54.257,33.223,81.242,63.489,58.109,8.739,63.804,78.875,65.952,87.462,26.274,62.684,6.677,13.472,69.443,91.513,44.84,0.0,89.072,5.879,32.272,40.353,30.556,32.177,89.86,85.857,14.44,46.352,80.009,61.562,82.763,37.246,14.128,79.642,20.907,38.21,23.875,71.846,80.193,66.109,81.361,66.118,50.338,55.095,17.062,89.194,77.813,18.934,49.065,56.594,29.213,92.871,28.202,80.001,73.958,98.556,32.239,92.965,78.534,62.652,58.784,66.198,47.083,39.072,42.416,62.251,20.127,32.586,91.477,58.672,64.201,50.899,37.117,67.927,61.568,10.312,9.591,54.745,55.83
57.633,59.691,43.645,24.783,20.374,71.773,37.6,44.058,84.425,60.774,93.916,82.902,27.772,64.052,69.425,32.131,38.116,94.892,44.084,43.107,33.926,44.521,55.866,52.979,67.32,32.366,90.95,78.716,24.952,40.459,65.581,76.087,71.006,94.74,94.751,42.53,23.872,47.669,89.072,0.0,90.679,79.35,61.757,75.232,76.884,20.977,15.678,86.87,86.259,36.713,32.097,40.246,52.891,94.596,9.581,90.907,62.212,65.564,40.407,30.023,22.967,38.145,31.181,41.986,40.525,78.601,12.081,65.309,78.706,54.12,36.113,60.008,26.865,70.785,31.834,18.667,10.166,57.764,4.688,22.401,35.302,32.351,86.462,49.461,55.146,56.84,28.961,70.428,59.835,67.401,88.653,88.277,50.335,74.871,54.145,27.663,79.759,95.096,64.001,77.733
34.647,90.278,58.84,68.222,86.2,20.275,56.701,50.18,66.045,62.05,24.937,37.395,67.298,49.173,23.053,80.339,52.648,21.336,46.913,81.478,61.652,57.507,35.066,84.61,67.309,60.555,2.919,58.357,81.79,63.473,91.038,21.734,66.685,4.801,18.983,66.384,90.649,44.554,5.879,90.679,0.0,37.402,37.095,35.187,37.024,89.262,88.438,8.985,40.849,83.263,61.451,86.063,40.045,19.65,81.14,26.732,35.18,26.705,68.909,78.232,67.767,84.637,65.308,53.255,58.19,13.651,89.631,81.441,14.887,52.415,59.414,31.688,95.952,32.122,77.804,74.44,99.887,35.114,94.811,77.726,61.565,61.341,60.696,50.356,37.932,45.764,64.745,23.403,31.9,95.074,53.162,58.695,48.531,41.725,63.668,63.018,11.129,14.958,58.47,50.421
34.044,57.839,75.849,70.06,64.559,29.277,43.315,62.07,93.422,86.746,25.351,3.553,51.694,17.568,28.719,54.518,50.327,28.91,45.277,51.521,70.485,34.881,39.71,52.757,33.979,48.812,39.596,85.344,59.13,79.875,58.236,48.171,32.77,38.353,30.13,84.865,95.859,55.315,32.272,79.35,37.402,0.0,58.897,5.442,2.641,93.092,68.599,41.514,69.476,55.036,67.176,56.426,34.9,29.55,72.298,20.242,56.595,30.614,86.67,90.663,60.688,55.755,73.865,39.037,38.894,39.881,86.961,48.546,41.808,25.602,43.843,34.616,69.353,13.0,91.412,74.015,89.451,32.586,80.916,84.287,72.124,48.156,88.464,30.327,53.48,22.835,51.094,25.278,47.462,62.196,81.562,86.785,66.361,6.456,86.767,58.812,32.854,32.804,25.678,77.415
25.193,72.822,22.044,37.069,60.066,30.351,32.685,17.699,36.581,27.872,57.825,61.951,41.447,50.121,30.484,55.663,25.859,54.956,22.263,59.266,28.294,38.409,19.743,65.483,62.512,34.831,35.476,28.073,56.103,26.631,76.082,16.288,65.053,41.896,52.942,29.293,55.727,14.474,40.353,61.757,37.095,58.897,0.0,53.463,56.329,54.911,61.875,29.563,24.928,59.307,29.724,62.682,25.636,53.46,52.297,58.538,2.313,28.32,31.815,41.767,39.887,60.894,31.479,31.445,36.409,23.602,57.691,69.301,22.214,42.197,35.291,24.363,70.368,45.899,41.084,43.312,69.941,26.676,66.385,43.288,27.32,35.87,33.45,35.376,7.896,39.491,38.784,33.972,11.472,79.919,30.548,33.22,12.325,57.07,28.126,34.936,30.488,49.768,55.257,21.446
28.602,57.604,70.417,64.918,61.523,24.219,38.583,56.646,88.113,81.306,25.528,8.604,47.47,16.263,23.47,52.102,45.085,29.008,39.938,50.211,65.138,31.117,34.268,52.235,33.826,44.102,37.078,79.999,56.163,74.453,58.078,43.096,32.699,37.017,30.131,79.434,90.787,49.882,30.556,75.232,35.187,5.442,53.463,0.0,2.883,88.063,65.349,37.912,64.446,53.238,61.878,55.065,29.497,29.582,67.844,20.487,51.164,25.21,81.246,85.329,55.891,54.155,68.543,34.23,34.714,35.243,82.239,48.384,37.099,22.475,39.36,29.174,67.355,7.565,86.056,69.02,85.379,27.146,77.091,79.087,66.753,43.561,83.219,25.834,48.038,18.395,46.633,20.098,42.024,62.046,76.432,81.591,60.919,6.561,81.325,53.802,28.795,32.549,25.315,72.09
31.455,56.751,73.245,67.421,62.385,27.055,40.717,59.461,90.996,84.165,26.383,6.092,49.194,15.882,26.344,52.535,47.687,29.896,42.644,49.945,67.852,32.471,37.121,51.523,32.938,46.219,39.042,82.882,56.973,77.264,57.196,45.943,31.75,38.499,31.051,82.26,93.225,52.714,32.177,76.884,37.024,2.641,56.329,2.883,0.0,90.462,66.362,40.294,67.288,53.274,64.538,54.834,32.283,30.49,69.757,21.283,54.031,28.089,84.06,88.027,58.084,54.069,71.229,36.427,36.394,37.973,84.373,47.502,39.852,23.334,41.286,32.031,67.529,10.438,88.78,71.387,86.999,29.995,78.524,81.646,69.496,45.581,86.097,27.758,50.893,20.262,48.545,22.958,44.886,61.16,79.294,84.462,63.77,5.356,84.18,56.182,31.324,33.572,24.494,74.973
62.851,79.96,34.23,23.436,40.652,74.339,50.023,39.082,73.723,50.179,100.758,96.521,43.661,80.311,72.879,52.179,43.435,100.031,49.244,63.237,27.61,60.368,58.652,73.161,86.844,44.672,88.59,68.408,45.017,30.451,85.846,70.855,90.502,93.858,99.027,31.758,3.043,45.021,89.86,20.977,89.262,93.092,54.911,88.063,90.462,0.0,36.122,83.391,76.763,56.879,28.474,60.469,59.959,99.17,23.825,99.296,55.995,69.377,29.236,16.364,32.81,58.34,23.968,54.149,55.566,75.87,8.952,85.451,75.293,69.953,50.068,63.887,47.7,81.638,18.138,19.093,19.534,63.764,23.436,11.653,27.87,45.613,76.093,63.102,51.334,70.458,43.251,75.205,57.476,87.759,78.542,77.994,42.615,89.868,43.42,34.28,79.646,97.781,82.348,67.743
53.924,44.014,45.611,26.518,4.792,68.445,31.901,44.292,86.727,63.637,87.215,72.107,21.166,51.932,65.789,16.809,36.446,89.156,41.755,27.492,35.31,34.399,53.467,37.305,52.154,27.889,89.112,80.31,9.981,43.767,49.904,75.658,55.831,92.137,89.507,47.1,39.139,47.464,85.857,15.678,88.438,68.599,61.875,65.349,66.362,36.122,0.0,85.594,86.577,21.079,32.926,24.57,48.613,89.19,13.785,83.367,62.239,61.987,46.004,40.407,22.006,22.479,33.667,35.71,31.857,77.274,27.516,49.651,77.626,43.028,29.374,56.787,12.284,62.586,41.935,22.847,24.225,53.626,14.693,32.078,36.983,27.106,88.063,40.88,54.912,47.532,23.695,66.038,59.073,51.738,89.546,89.63,50.804,63.331,57.647,26.94,77.313,90.705,49.956,78.588
32.269,88.558,51.592,63.385,83.549,18.329,54.16,44.526,57.105,53.209,33.721,42.707,64.581,48.646,21.052,78.015,49.272,30.243,43.839,79.261,55.935,55.264,32.192,82.644,66.775,57.753,6.332,49.391,79.28,56.19,89.642,13.456,66.664,13.457,27.908,58.608,84.531,39.597,14.44,86.87,8.985,41.514,29.563,37.912,40.294,83.391,85.594,0.0,31.912,80.995,56.307,83.816,37.667,28.566,77.29,35.077,27.924,24.479,61.21,71.255,64.185,82.378,59.468,50.86,55.878,8.324,84.709,80.243,8.227,50.56,56.921,29.249,93.553,32.948,70.636,69.686,95.759,32.801,91.213,71.755,55.524,58.627,51.759,48.154,32.403,43.984,61.951,21.972,27.087,93.714,44.232,49.762,41.552,44.079,55.076,59.298,9.576,23.902,57.796,41.444
42.007,96.416,42.771,61.477,84.864,40.234,57.275,42.298,25.2,29.18,65.618,71.942,66.37,66.3,41.113,80.574,50.784,62.155,46.638,83.794,52.335,61.45,38.707,89.363,81.784,59.749,37.964,17.934,80.996,46.328,99.084,21.358,83.406,45.053,59.82,45.3,76.815,39.379,46.352,86.259,40.849,69.476,24.928,64.446,67.288,76.763,86.577,31.912,0.0,84.154,54.171,87.46,45.288,60.479,76.86,66.829,24.912,40.488,47.964,60.81,64.571,85.718,55.116,55.243,60.387,30.04,81.305,91.293,28.022,61.875,59.963,39.795,95.234,57.26,59.239,67.6,94.132,43.264,90.925,65.711,50.97,60.777,19.847,56.459,32.413,57.192,63.709,44.367,30.518,103.059,12.341,17.853,35.927,69.203,34.875,59.651,37.979,55.807,73.45,11.369
48.726,23.192,52.158,37.71,16.344,62.991,27.092,44.589,89.688,69.511,77.923,58.28,19.043,37.468,60.211,5.053,33.577,80.845,37.739,6.419,42.749,25.76,48.878,16.283,31.64,24.644,84.186,82.107,11.866,53.315,29.037,71.509,35.255,86.636,81.695,58.037,59.922,45.129,80.009,36.713,83.263,55.036,59.307,53.238,53.274,56.879,21.079,80.995,84.154,0.0,39.154,4.06,43.329,81.223,33.077,73.263,59.248,56.58,58.499,58.22,27.274,1.78,44.104,30.164,25.121,72.728,48.469,28.598,73.171,31.46,24.333,51.746,14.434,52.854,59.389,39.038,45.267,48.2,35.751,50.372,44.767,23.524,89.439,32.926,51.746,37.862,21.396,59.894,55.09,31.177,89.084,90.349,51.566,48.898,65.383,29.339,72.206,83.696,31.867,78.547
34.877,60.731,13.351,7.346,32.178,45.866,25.591,12.089,53.904,31.418,72.547,70.472,21.417,55.912,44.453,34.185,16.919,71.617,21.984,43.471,3.732,36.463,30.3,53.093,63.701,20.664,61.09,47.385,30.506,14.365,66.082,44.597,67.304,65.932,70.565,19.35,30.481,16.898,61.562,32.097,61.451,67.176,29.724,61.878,64.538,28.474,32.926,56.307,54.171,39.154,0.0,43.212,32.664,70.722,22.689,71.406,30.282,41.016,20.533,23.544,12.288,40.925,6.759,29.31,31.614,48.38,28.411,63.663,48.089,45.699,26.103,35.611,43.009,54.844,24.4,13.613,40.222,35.966,36.756,17.758,5.717,21.813,55.137,38.261,23.909,45.237,20.217,46.907,29.558,68.879,56.765,56.724,18.244,64.611,26.435,10.248,51.431,69.327,58.791,45.806
51.552,19.5,56.199,41.709,19.876,65.795,30.244,48.395,93.501,73.503,80.154,59.537,22.945,38.953,63.014,9.092,37.09,83.247,40.915,4.917,46.809,28.559,51.789,12.737,29.651,28.23,86.994,85.86,15.535,57.374,25.379,74.471,33.101,89.41,84.18,62.091,63.51,48.631,82.763,40.246,86.063,56.426,62.682,55.065,54.834,60.469,24.57,83.816,87.46,4.06,43.212,0.0,46.166,83.684,36.713,75.353,62.549,59.389,62.532,62.061,31.327,2.306,48.144,33.095,28.001,75.566,52.026,25.116,76.028,33.851,27.516,54.574,15.141,55.205,63.253,42.873,48.646,51.016,39.169,54.159,48.827,27.071,93.141,35.707,55.05,40.421,25.216,62.667,58.158,27.4,92.62,93.994,55.362,50.114,69.425,33.372,75.014,86.299,31.955,82.155
5.404,52.185,40.993,36.523,46.21,19.862,16.725,27.192,62.188,52.22,41.587,38.094,27.459,24.749,17.177,40.351,16.583,42.063,10.754,41.673,35.725,17.709,6.59,45.664,37.189,21.006,40.889,53.689,41.747,44.987,54.265,28.731,39.499,43.606,41.86,50.002,62.436,20.484,37.246,52.891,40.045,34.9,25.636,29.497,32.283,59.959,48.613,37.667,45.288,43.329,32.664,46.166,0.0,41.712,43.876,39.488,23.772,13.394,51.784,55.928,30.41,44.715,39.204,13.213,18.211,29.401,55.961,46.065,29.865,16.872,19.385,8.418,55.924,22.222,56.604,41.45,62.777,5.018,56.335,50.215,37.283,21.58,58.666,11.296,19.058,13.949,25.075,17.626,15.209,58.308,54.276,57.994,31.581,32.756,52.015,26.776,28.934,42.4,29.644,46.678
37.27,87.179,73.422,76.227,86.266,24.944,57.679,61.606,85.671,80.641,5.872,27.361,68.421,45.697,26.303,78.912,57.45,1.698,51.27,78.967,72.391,55.924,40.586,81.701,63.407,62.473,22.553,77.93,81.371,77.948,87.66,40.242,62.239,15.771,0.765,81.967,101.184,54.863,14.128,94.596,19.65,29.55,53.46,29.582,30.49,99.17,89.19,28.566,60.479,81.223,70.722,83.684,41.712,0.0,85.564,10.065,51.207,29.916,84.228,91.428,72.041,82.441,76.145,53.599,57.495,30.906,96.888,77.966,32.883,49.837,59.931,35.53,94.644,28.507,91.51,81.868,104.486,36.914,97.926,88.316,73.12,62.823,80.325,48.823,50.38,43.367,66.346,24.392,43.771,91.628,72.795,78.327,63.052,35.846,81.452,68.066,23.07,5.017,54.892,69.952
48.426,56.213,34.492,15.405,17.238,62.408,29.467,34.605,75.586,52.074,85.228,75.833,20.787,57.891,60.126,28.356,28.667,85.939,34.708,39.415,24.568,37.931,46.42,49.351,63.094,24.014,81.385,69.601,21.212,31.776,62.087,66.535,66.764,85.229,85.681,34.517,26.867,38.118,79.642,9.581,81.14,72.298,52.297,67.844,69.757,23.825,13.785,77.29,76.86,33.077,22.689,36.713,43.876,85.564,0.0,82.493,52.724,56.275,32.995,26.648,13.582,34.559,22.044,33.893,33.48,69.022,15.548,61.626,69.125,47.661,28.489,50.681,26.064,62.782,28.157,9.816,18.969,48.658,14.093,18.333,26.006,24.329,77.368,42.028,45.599,49.515,21.218,61.281,50.255,64.08,79.352,79.105,40.933,68.251,45.692,18.126,70.252,85.845,58.957,68.409
36.534,78.032,77.015,75.885,79.986,28.23,53.309,63.974,91.948,86.313,5.124,17.787,63.58,36.739,28.37,71.561,56.062,9.024,50.089,70.538,73.871,49.137,41.419,72.719,54.216,58.584,29.631,84.172,74.822,81.356,78.475,46.342,53.012,24.03,10.778,85.904,101.657,57.036,20.907,90.907,26.732,20.242,58.538,20.487,21.283,99.296,83.367,35.077,66.829,73.263,71.406,75.353,39.488,10.065,82.493,0.0,56.227,31.08,87.967,93.762,69.403,74.311,77.534,48.943,51.581,37.003,95.374,68.782,39.022,41.879,55.017,36.026,87.125,20.816,94.147,80.935,101.023,35.538,93.597,89.154,75.042,58.56,86.635,42.494,53.919,36.049,61.99,25.112,47.54,82.437,79.169,84.674,66.95,26.632,86.648,66.17,28.979,14.53,45.758,76.184
23.017,72.102,23.72,37.619,60.391,28.037,32.388,18.202,38.439,30.183,55.53,59.643,41.632,48.057,28.172,55.714,25.989,52.69,21.797,58.946,29.064,37.424,17.689,64.859,60.837,34.919,33.703,29.955,56.346,28.342,75.182,14.893,63.264,39.977,50.697,31.298,56.922,14.777,38.21,62.212,35.18,56.595,2.313,51.164,54.031,55.995,62.239,27.924,24.912,59.248,30.282,62.549,23.772,51.207,52.724,56.227,0.0,26.011,33.772,43.332,40.261,60.808,32.358,30.709,35.772,21.603,58.424,68.134,20.341,40.491,35.061,22.104,70.636,43.598,42.751,43.893,70.495,24.499,66.816,44.348,28.243,35.922,34.971,33.871,7.502,37.514,38.964,31.66,9.233,79.064,31.424,34.512,13.647,54.801,30.431,35.308,28.275,47.583,53.415,22.956
8.077,64.161,46.014,46.321,59.604,6.468,30.115,32.907,63.01,56.191,31.624,33.634,40.823,26.555,3.864,53.636,27.761,30.673,21.612,54.814,43.068,30.83,10.726,58.174,43.777,34.244,27.606,54.834,55.122,50.312,65.428,19.651,44.487,30.217,29.867,54.959,71.493,25.974,23.875,65.564,26.705,30.614,28.32,25.21,28.089,69.377,61.987,24.479,40.488,56.58,41.016,59.389,13.394,29.916,56.275,31.08,26.011,0.0,56.968,62.752,42.693,57.959,46.783,26.57,31.486,16.574,67.018,56.238,17.426,26.208,32.776,5.649,69.249,17.659,63.091,51.959,75.243,8.419,69.283,58.728,44.09,34.909,58.283,23.691,23.066,19.795,38.377,5.993,16.912,69.51,51.913,56.816,36.091,29.223,56.257,38.432,15.626,29.577,34.876,46.968
