0,1,2,3,4,5,6,7,8,9,10,11,12,13,14,15,16,17,18,19,20,21,22,23,24,25,26,27,28,29,30,31,32,33,34,35,36,37,38,39,40,41,42,43,44,45,46,47,48,49,50,51,52,53,54,55,56,57,58,59,60,61,62,63,64,65,66,67,68,69,70,71,72,73,74,75,76,77,78,79,80,81,82,83,84,85,86,87,88,89,90,91,92,93,94,95,96,97,98,99
0.0,55.556,41.721,34.085,51.162,14.259,21.875,27.912,58.46,52.699,32.335,37.117,32.217,23.65,11.478,45.747,16.621,31.049,11.423,46.952,35.807,22.977,5.667,50.036,31.779,25.376,35.458,50.707,46.972,45.664,56.037,22.591,35.004,37.861,32.169,50.717,58.467,21.223,31.201,52.845,34.526,34.041,24.828,28.599,31.454,55.425,53.049,32.268,33.414,48.726,32.23,51.536,5.399,31.622,43.446,33.463,22.518,7.853,52.457,55.667,31.073,50.106,38.983,18.592,23.61,23.994,47.759,46.343,24.424,17.864,24.642,3.019,61.27,21.043,56.598,36.921,60.677,1.461,57.511,48.321,37.587,26.284,53.114,15.829,19.439,12.865,29.56,11.125,13.413,60.001,45.58,51.113,32.312,32.016,52.726,26.12,23.478,34.52,26.559,42.72
55.556,0.0,66.146,58.51,39.319,69.815,33.681,52.337,86.548,77.124,83.098,60.257,36.393,41.488,67.034,27.674,39.819,86.605,44.133,16.619,60.232,32.579,55.658,6.713,23.777,36.068,91.014,81.228,34.846,70.089,5.889,78.147,24.98,93.417,87.725,75.142,82.892,49.97,86.757,59.689,90.082,57.75,64.369,57.597,56.715,79.85,44.011,87.824,88.97,22.993,56.655,19.443,50.157,87.178,56.025,77.992,64.744,63.409,76.882,80.092,47.538,21.549,63.408,36.964,31.946,79.55,71.462,9.213,79.98,37.692,30.914,58.575,33.103,58.768,81.023,61.346,67.981,55.03,58.566,72.746,62.012,34.961,88.919,39.727,57.419,44.341,37.01,66.681,61.558,7.685,91.317,90.817,56.737,51.361,77.151,46.922,79.034,90.076,32.286,80.421
41.721,66.146,0.0,18.816,41.915,47.185,35.081,13.809,40.239,16.694,74.056,78.838,29.753,65.371,47.37,38.472,26.327,70.608,30.899,49.527,9.672,45.951,36.054,59.433,73.082,30.078,46.416,34.919,37.725,3.943,72.035,31.838,76.725,53.493,68.274,8.996,33.239,20.498,54.804,43.598,49.303,75.762,18.06,70.32,73.175,33.482,43.802,41.515,42.661,43.153,11.51,46.703,40.982,68.932,34.199,75.184,19.203,45.213,10.736,17.118,21.826,44.597,12.435,38.797,41.097,38.182,38.512,71.745,36.164,55.186,35.565,41.146,52.023,62.764,15.346,24.935,51.43,43.182,48.264,22.786,8.299,31.185,42.61,47.725,22.282,54.586,29.136,50.861,28.308,73.831,45.008,44.508,9.409,73.737,11.005,19.224,46.205,64.261,68.28,34.112
34.085,58.51,18.816,0.0,23.099,42.322,27.445,19.208,59.055,35.51,66.42,71.202,22.117,57.735,39.734,30.836,18.691,62.972,23.263,41.891,9.144,38.315,28.418,51.797,65.446,22.442,63.521,53.735,23.664,15.447,64.399,50.654,69.089,65.924,60.638,17.057,24.382,22.477,59.264,24.782,62.589,68.126,36.876,62.684,65.539,21.34,24.986,60.331,61.477,35.517,7.306,39.067,33.346,61.296,15.383,67.548,37.251,37.577,18.372,21.582,10.972,36.961,6.381,31.161,33.461,52.057,19.696,64.109,52.487,47.55,27.929,33.51,33.207,55.128,22.513,6.119,32.614,35.546,29.448,14.236,10.517,23.549,61.426,40.089,29.926,46.95,21.5,43.225,34.065,66.195,63.824,63.324,25.55,66.101,28.751,11.588,51.541,62.583,60.644,52.928
51.162,39.319,41.915,23.099,0.0,65.421,29.287,42.307,82.154,58.609,78.704,55.863,18.945,38.544,62.64,11.645,34.541,82.211,39.739,22.7,32.243,28.185,51.264,32.606,46.255,25.786,86.62,76.834,4.473,38.546,45.208,73.753,49.898,89.023,83.331,40.156,43.573,45.576,82.363,20.37,85.688,53.356,59.975,53.203,52.321,40.531,4.692,83.43,84.576,16.326,30.405,19.876,45.763,82.784,16.706,73.598,60.35,59.015,37.659,40.773,20.089,17.77,29.48,32.57,27.552,75.156,32.143,44.918,75.586,33.298,26.52,54.181,10.108,54.374,41.704,22.027,28.662,50.636,19.247,33.427,33.616,24.878,84.525,35.333,53.025,39.947,21.602,62.287,57.164,47.004,86.923,86.423,48.649,46.967,51.85,25.042,74.64,85.682,41.453,76.027
14.259,69.815,47.185,42.322,65.421,0.0,36.134,33.376,63.924,58.163,26.871,31.653,46.476,28.327,2.781,60.006,30.88,23.423,25.682,61.211,41.271,37.236,14.157,64.295,46.038,39.635,21.199,56.171,61.231,51.128,70.296,18.343,44.835,23.602,21.089,56.181,63.931,26.687,16.942,67.104,20.267,28.577,30.292,23.135,25.99,60.889,67.308,18.009,38.731,62.985,37.694,65.795,19.658,21.747,57.705,27.999,27.982,6.406,57.921,61.131,45.332,64.365,44.447,32.851,37.869,9.735,62.018,60.602,11.021,32.123,38.901,11.24,75.529,15.579,62.062,48.441,74.936,14.785,71.77,53.785,43.051,40.543,58.578,30.088,24.903,25.474,43.819,3.676,18.877,74.26,51.044,56.577,37.776,26.552,58.19,40.379,9.219,20.261,37.529,48.184
21.875,33.681,35.081,27.445,29.287,36.134,0.0,21.272,52.867,46.059,49.417,43.757,10.342,30.29,33.353,23.872,8.754,52.924,10.452,25.077,29.167,10.87,21.977,28.161,38.001,5.003,57.333,47.547,25.097,39.024,36.954,44.466,41.644,59.736,54.044,44.077,51.827,16.289,53.076,30.97,56.401,40.681,30.688,35.239,38.094,48.785,31.174,54.143,55.289,26.851,25.59,29.661,16.476,53.497,24.96,44.311,31.063,29.728,45.817,49.027,16.473,28.231,32.343,3.716,6.016,45.869,40.397,36.664,46.299,20.105,2.767,24.894,39.395,27.683,49.958,30.281,38.802,21.349,35.636,41.681,30.947,4.409,55.238,12.644,23.738,19.505,7.685,33.0,27.877,38.75,57.636,57.136,25.672,38.656,46.086,15.857,45.353,56.395,33.199,46.74
27.912,52.337,13.809,19.208,42.307,33.376,21.272,0.0,39.847,24.787,60.247,65.029,23.362,51.562,33.561,36.892,12.518,56.799,17.09,38.097,10.064,32.142,22.245,45.624,59.273,16.521,44.313,34.527,38.117,17.752,58.226,31.446,62.916,46.716,54.465,22.805,33.631,6.689,40.995,43.99,43.381,61.953,17.668,56.511,59.366,33.874,44.194,41.123,42.269,39.871,11.902,42.681,27.173,55.123,34.591,61.375,18.043,31.404,24.545,27.755,22.218,41.251,12.827,24.988,27.288,32.849,38.904,57.936,33.279,41.377,21.756,27.337,52.415,48.955,28.686,25.327,51.822,29.373,48.656,23.178,9.675,17.429,42.218,33.916,10.718,40.777,20.705,37.052,14.857,60.022,44.616,44.116,6.342,59.928,24.814,17.265,32.396,50.452,54.471,33.72
58.46,86.548,40.239,59.055,82.154,63.924,52.867,39.847,0.0,23.545,90.795,95.577,63.209,82.11,64.109,76.739,47.613,87.347,47.638,77.944,49.911,62.69,52.793,81.028,89.821,56.368,63.155,7.753,77.964,43.608,88.774,45.581,93.464,70.232,85.013,41.998,73.478,37.237,71.543,83.837,66.042,92.501,33.632,87.059,89.914,73.721,84.041,57.105,25.193,79.718,51.749,82.528,57.721,85.671,74.438,91.923,35.942,61.952,44.495,57.357,62.065,81.098,52.674,55.536,57.836,54.921,78.751,88.484,52.903,71.925,55.634,57.885,92.262,79.503,55.585,65.174,91.669,59.921,88.503,63.025,48.538,57.276,5.346,64.464,39.021,71.325,60.552,67.6,45.047,90.993,12.88,7.347,33.505,90.476,30.304,57.112,62.944,81.0,85.019,15.74
52.699,77.124,16.694,35.51,58.609,58.163,46.059,24.787,23.545,0.0,85.034,89.816,40.731,76.349,58.348,53.194,37.305,81.586,41.877,60.505,26.366,56.929,47.032,70.411,84.06,41.056,57.394,18.225,54.419,20.063,83.013,39.82,87.703,64.471,79.252,18.453,49.933,31.476,65.782,60.292,60.281,86.74,27.871,81.298,84.153,50.176,60.496,51.344,25.967,56.173,28.204,58.983,51.96,79.91,50.893,86.162,30.181,56.191,20.95,33.812,38.52,57.553,29.129,49.775,52.075,49.16,55.206,82.723,47.142,66.164,46.543,52.124,68.717,73.742,32.04,41.629,68.124,54.16,64.958,39.48,24.993,42.163,25.916,58.703,33.26,65.564,40.114,61.839,39.286,84.809,28.314,27.814,20.387,84.715,6.759,33.567,57.183,75.239,79.258,17.418
32.335,83.098,74.056,66.42,78.704,26.871,49.417,60.247,90.795,85.034,0.0,22.841,59.759,41.61,26.686,73.289,47.729,3.507,43.157,74.494,68.142,50.519,38.002,77.578,59.321,52.918,27.64,83.042,74.514,77.999,83.579,45.214,58.118,20.563,5.782,83.052,90.802,53.558,19.252,80.387,24.753,25.348,57.163,25.501,26.383,87.76,80.591,33.69,65.602,76.268,64.565,79.078,33.074,5.124,70.988,5.106,54.853,28.843,84.792,88.002,58.615,77.648,71.318,46.134,51.152,35.874,79.372,73.885,37.892,45.406,52.184,32.91,88.812,24.33,88.933,69.256,88.219,30.874,85.053,80.656,69.922,53.826,85.449,43.371,51.774,38.757,57.102,23.195,45.748,87.543,77.915,83.448,64.647,31.737,85.061,54.832,27.851,9.795,50.812,75.055
37.117,60.257,78.838,71.202,55.863,31.653,43.757,65.029,95.577,89.816,22.841,0.0,49.085,18.769,31.468,50.448,52.511,26.348,47.939,51.653,72.924,32.887,42.784,54.737,36.48,48.76,32.422,87.824,51.673,82.781,60.738,49.996,35.277,33.16,27.468,87.834,95.584,58.34,26.5,72.381,29.825,3.076,61.945,8.518,5.663,92.542,57.75,38.472,70.384,53.427,69.347,56.237,37.856,26.921,68.717,17.735,59.635,33.625,89.574,92.784,60.23,54.807,76.1,40.041,37.741,40.656,84.154,51.044,42.674,23.652,43.273,37.692,65.971,16.074,93.715,74.038,80.673,35.656,71.258,85.438,74.704,47.653,90.231,31.113,56.556,24.252,49.702,27.977,50.53,64.702,82.697,88.23,69.429,8.896,89.843,59.614,32.633,29.819,27.971,79.837
32.217,36.393,29.753,22.117,18.945,46.476,10.342,23.362,63.209,40.731,59.759,49.085,0.0,35.618,43.695,13.53,15.596,63.266,20.794,19.774,23.839,16.198,32.319,29.68,43.329,6.841,67.675,57.889,14.755,33.696,42.282,54.808,46.972,70.078,64.386,38.749,46.499,26.631,63.418,23.296,66.743,46.009,41.03,40.567,43.422,43.457,20.832,64.485,65.631,16.509,20.262,19.319,26.818,63.839,19.632,54.653,41.405,40.07,40.489,43.699,11.145,17.889,27.015,13.625,11.344,56.211,35.069,41.992,56.641,25.433,7.575,35.236,29.053,35.429,44.63,24.953,31.588,31.691,25.294,36.353,25.619,5.933,65.58,17.972,34.08,24.833,2.657,43.342,38.219,44.078,67.978,67.478,29.704,43.984,40.758,10.529,55.695,66.737,38.527,57.082
23.65,41.488,65.371,57.735,38.544,28.327,30.29,51.562,82.11,76.349,41.61,18.769,35.618,0.0,25.546,31.679,39.044,45.117,34.472,32.884,59.457,19.42,29.317,35.968,17.711,35.293,49.526,74.357,34.071,69.314,41.969,36.659,16.508,51.929,46.237,74.367,82.117,44.873,45.269,58.914,48.594,16.262,48.478,16.109,15.227,79.075,43.236,46.336,56.917,34.658,55.88,37.468,24.389,45.69,55.25,36.504,46.168,21.921,76.107,79.317,46.763,36.038,62.633,26.574,24.274,38.062,70.687,32.275,38.492,10.185,29.806,24.225,47.202,17.28,80.248,60.571,67.206,22.189,57.791,71.971,61.237,34.186,76.764,17.646,43.089,10.785,36.235,25.193,37.063,45.933,69.23,74.763,55.962,9.873,76.376,46.147,37.546,48.588,9.202,66.37
11.478,67.034,47.37,39.734,62.64,2.781,33.353,33.561,64.109,58.348,26.686,31.468,43.695,25.546,0.0,57.225,28.099,23.238,22.901,58.43,41.456,34.455,11.376,61.514,43.257,36.854,23.98,56.356,58.45,51.313,67.515,18.528,42.054,26.383,20.904,56.366,64.116,26.872,19.723,64.323,23.048,28.392,30.477,22.95,25.805,61.074,64.527,20.79,38.916,60.204,37.879,63.014,16.877,21.562,54.924,27.814,28.167,3.625,58.106,61.316,42.551,61.584,44.632,30.07,35.088,12.516,59.237,57.821,12.946,29.342,36.12,8.459,72.748,15.394,62.247,45.66,72.155,12.004,68.989,53.97,43.236,37.762,58.763,27.307,25.088,22.693,41.038,3.491,19.062,71.479,51.229,56.762,37.961,26.367,58.375,37.598,12.0,23.042,34.748,48.369
45.747,27.674,38.472,30.836,11.645,60.006,23.872,36.892,76.739,53.194,73.289,50.448,13.53,31.679,57.225,0.0,29.126,76.796,34.324,11.055,32.558,22.77,45.849,20.961,34.61,20.371,81.205,71.419,7.172,42.415,33.563,68.338,38.253,83.608,77.916,47.468,55.218,40.161,76.948,32.015,80.273,47.941,54.56,47.788,46.906,52.176,16.337,78.015,79.161,4.681,28.981,8.231,40.348,77.369,28.351,68.183,54.935,53.6,49.208,52.418,19.864,6.125,35.734,27.155,22.137,69.741,43.788,33.273,70.171,27.883,21.105,48.766,15.523,48.959,53.349,33.672,40.307,45.221,30.892,45.072,34.338,19.463,79.11,29.918,47.61,34.532,16.187,56.872,51.749,35.359,81.508,81.008,43.234,41.552,49.477,19.627,69.225,80.267,29.808,70.612
16.621,39.819,26.327,18.691,34.541,30.88,8.754,12.518,47.613,37.305,47.729,52.511,15.596,39.044,28.099,29.126,0.0,47.67,5.198,30.331,20.413,19.624,16.723,33.415,46.755,8.755,52.079,42.293,30.351,30.27,45.708,39.212,50.398,54.482,48.79,35.323,43.073,11.035,47.822,36.224,51.147,49.435,25.434,43.993,46.848,40.031,36.428,48.889,50.035,32.105,16.836,34.915,14.655,48.243,26.825,48.857,25.809,24.474,37.063,40.273,14.452,33.485,23.589,12.47,14.77,40.615,31.643,45.418,41.045,28.859,9.238,19.64,44.649,36.437,41.204,21.527,44.056,16.855,40.89,32.927,22.193,9.663,49.984,21.398,18.484,28.259,12.939,27.746,22.623,47.504,52.382,51.882,16.918,47.41,37.332,9.499,40.099,51.141,41.953,41.486
31.049,86.605,70.608,62.972,82.211,23.423,52.924,56.799,87.347,81.586,3.507,26.348,63.266,45.117,23.238,76.796,47.67,0.0,42.472,78.001,64.694,54.026,34.554,81.085,62.828,56.425,24.192,79.594,78.021,74.551,87.086,41.766,61.625,17.115,2.334,79.604,87.354,50.11,15.804,83.894,21.305,28.855,53.715,29.008,29.89,84.312,84.098,30.242,62.154,79.775,61.117,82.585,36.448,1.676,74.495,8.613,51.405,25.395,81.344,84.554,62.122,81.155,67.87,49.641,54.659,32.426,78.808,77.392,34.444,48.913,55.691,29.462,92.319,27.837,85.485,65.808,91.726,31.575,88.56,77.208,66.474,57.333,82.001,46.878,48.326,42.264,60.609,19.924,42.3,91.05,74.467,80.0,61.199,35.244,81.613,57.169,24.403,6.347,54.319,71.607
11.423,44.133,30.899,23.263,39.739,25.682,10.452,17.09,47.638,41.877,43.157,47.939,20.794,34.472,22.901,34.324,5.198,42.472,0.0,35.529,24.985,15.052,11.525,38.613,42.183,13.953,46.881,39.885,35.549,34.842,44.614,34.014,45.826,49.284,43.592,39.895,47.645,10.401,42.624,41.422,45.949,44.863,20.236,39.421,42.276,44.603,41.626,43.691,44.837,37.303,21.408,40.113,10.083,43.045,32.023,44.285,20.611,19.276,41.635,44.845,19.65,38.683,28.161,7.898,12.187,35.417,36.336,40.846,35.847,24.287,13.219,14.442,49.847,31.865,45.776,26.099,49.254,12.283,46.088,37.499,26.765,14.861,44.786,16.826,13.286,23.687,18.137,22.548,17.425,48.578,47.184,46.684,21.49,42.838,41.904,14.697,34.901,45.943,37.381,36.288
46.952,16.619,49.527,41.891,22.7,61.211,25.077,38.097,77.944,60.505,74.494,51.653,19.774,32.884,58.43,11.055,30.331,78.001,35.529,0.0,43.613,23.975,47.054,9.906,23.555,21.576,82.41,72.624,18.227,53.47,22.508,69.543,27.198,84.813,79.121,58.523,66.273,41.366,78.153,43.07,81.478,49.146,55.765,48.993,48.111,63.231,27.392,79.22,80.366,6.374,40.036,4.584,41.553,78.574,39.406,69.388,56.14,54.805,60.263,63.473,30.919,4.93,46.789,28.36,23.342,70.946,54.843,22.218,71.376,29.088,22.31,49.971,16.484,50.164,64.404,44.727,51.362,46.426,41.947,56.127,45.393,20.668,80.315,31.123,48.815,35.737,20.391,58.077,52.954,24.304,82.713,82.213,44.439,42.757,60.532,30.303,70.43,81.472,23.682,71.817
35.807,60.232,9.672,9.144,32.243,41.271,29.167,10.064,49.911,26.366,68.142,72.924,23.839,59.457,41.456,32.558,20.413,64.694,24.985,43.613,0.0,40.037,30.14,53.519,67.168,24.164,54.377,44.591,28.053,9.857,66.121,41.51,70.811,56.78,62.36,14.91,23.567,14.584,50.12,33.926,53.445,69.848,27.732,64.406,67.261,23.81,34.13,51.187,52.333,37.239,3.577,40.789,35.068,63.018,24.527,69.27,28.107,39.299,16.65,19.86,12.694,38.683,3.176,32.883,35.183,42.913,28.84,65.831,43.343,49.272,29.651,35.232,42.351,56.85,20.791,15.263,41.758,37.268,38.592,13.114,1.78,25.271,52.282,41.811,20.782,48.672,23.222,44.947,24.921,67.917,54.68,54.18,16.406,67.823,19.607,13.31,42.397,58.347,62.366,43.784
22.977,32.579,45.951,38.315,28.185,37.236,10.87,32.142,62.69,56.929,50.519,32.887,16.198,19.42,34.455,22.77,19.624,54.026,15.052,23.975,40.037,0.0,23.079,27.059,27.131,15.873,58.435,54.937,23.995,49.894,33.06,45.568,30.774,60.838,55.146,54.947,62.697,25.453,54.178,39.494,57.503,29.811,31.79,25.018,27.224,59.655,30.072,55.245,56.391,25.749,36.46,28.559,17.578,54.599,35.83,45.413,32.165,30.83,56.687,59.897,27.343,27.129,43.213,7.154,4.854,46.971,51.267,25.794,47.401,9.235,10.386,25.996,38.293,26.189,60.828,41.151,47.786,22.451,38.371,52.551,41.817,14.766,57.344,7.148,24.84,11.762,16.815,34.102,28.979,37.024,58.738,58.238,36.542,27.786,56.956,26.727,46.455,57.497,22.329,47.842
5.667,55.658,36.054,28.418,51.264,14.157,21.977,22.245,52.793,47.032,38.002,42.784,32.319,29.317,11.376,45.849,16.723,34.554,11.525,47.054,30.14,23.079,0.0,50.138,37.028,25.478,35.356,45.04,47.074,39.997,56.139,22.489,40.671,37.759,32.22,45.05,52.8,15.556,31.099,52.947,34.424,39.708,19.161,34.266,37.121,49.758,53.151,32.166,33.312,48.828,26.563,51.638,5.501,32.878,43.548,39.13,16.851,9.159,46.79,50.0,31.175,50.208,33.316,18.694,23.712,23.892,47.861,46.445,24.322,19.132,24.744,5.092,61.372,26.71,50.931,34.284,60.779,7.128,57.613,42.654,31.92,26.386,47.447,15.931,13.772,18.532,29.662,14.807,7.746,60.103,39.913,45.446,26.645,37.683,47.059,26.222,23.376,34.418,32.226,37.053
50.036,6.713,59.433,51.797,32.606,64.295,28.161,45.624,81.028,70.411,77.578,54.737,29.68,35.968,61.514,20.961,33.415,81.085,38.613,9.906,53.519,27.059,50.138,0.0,18.257,29.355,85.494,75.708,28.133,63.376,12.602,72.627,19.46,87.897,82.205,68.429,76.179,44.45,81.237,52.976,84.562,52.23,58.849,52.077,51.195,73.137,37.298,82.304,83.45,16.28,49.942,12.73,44.637,81.658,49.312,72.472,59.224,57.889,70.169,73.379,40.825,14.836,56.695,31.444,26.426,74.03,64.749,12.312,74.46,32.172,25.394,53.055,26.39,53.248,74.31,54.633,61.268,49.51,51.853,66.033,55.299,28.248,83.399,34.207,51.899,38.821,30.297,61.161,56.038,14.398,85.797,85.297,50.024,45.841,70.438,40.209,73.514,84.556,26.766,74.901
31.779,23.777,73.082,65.446,46.255,46.038,38.001,59.273,89.821,84.06,59.321,36.48,43.329,17.711,43.257,34.61,46.755,62.828,42.183,23.555,67.168,27.131,37.028,18.257,0.0,43.004,67.237,82.068,41.782,77.025,24.258,54.37,3.643,69.64,63.948,82.078,89.828,52.584,62.98,66.625,66.305,33.973,56.189,33.82,32.938,86.786,50.947,64.047,65.193,29.929,63.591,26.379,32.1,63.401,62.961,54.215,53.879,39.632,83.818,87.028,54.474,28.485,70.344,34.285,31.985,55.773,78.398,14.564,56.203,17.896,37.517,34.798,40.039,34.991,87.959,68.282,74.917,31.253,65.502,79.682,68.948,41.897,84.475,25.357,50.8,20.564,43.946,42.904,44.774,28.222,76.941,82.474,63.673,27.584,84.087,53.858,55.257,66.299,8.509,74.081
25.376,36.068,30.078,22.442,25.786,39.635,5.003,16.521,56.368,41.056,52.918,48.76,6.841,35.293,36.854,20.371,8.755,56.425,13.953,21.576,24.164,15.873,25.478,29.355,43.004,0.0,60.834,51.048,21.596,34.021,41.957,47.967,46.647,63.237,57.545,39.074,46.824,19.79,56.577,27.469,59.902,45.684,34.189,40.242,43.097,43.782,27.673,57.644,58.79,23.35,20.587,26.16,19.977,56.998,19.957,47.812,34.564,33.229,40.814,44.024,11.47,24.73,27.34,8.719,11.019,49.37,35.394,41.667,49.8,25.108,5.487,28.395,35.894,32.686,44.955,25.278,35.301,24.85,32.135,36.678,25.944,1.107,58.739,17.647,27.239,24.508,4.184,36.501,31.378,43.753,61.137,60.637,22.863,43.659,41.083,10.854,48.854,59.896,38.202,50.241
35.458,91.014,46.416,63.521,86.62,21.199,57.333,44.313,63.155,57.394,27.64,32.422,67.675,49.526,23.98,81.205,52.079,24.192,46.881,82.41,54.377,58.435,35.356,85.494,67.237,60.834,0.0,55.402,82.43,50.359,91.495,17.574,66.034,7.077,21.858,55.412,77.944,41.044,8.388,88.303,2.887,33.264,29.523,33.417,34.299,78.187,88.507,6.05,37.962,84.184,56.215,86.994,40.857,22.516,78.904,28.768,27.213,27.605,57.152,61.823,66.531,85.564,57.14,54.05,59.068,11.464,83.217,81.801,11.034,53.322,60.1,32.439,96.728,32.246,61.293,69.64,96.135,35.984,92.969,67.491,53.004,61.742,57.809,51.287,33.595,46.673,65.018,24.333,29.456,95.459,50.275,55.808,37.971,39.653,57.421,61.578,11.98,17.845,58.728,47.415
50.707,81.228,34.919,53.735,76.834,56.171,47.547,34.527,7.753,18.225,83.042,87.824,57.889,74.357,56.356,71.419,42.293,79.594,39.885,72.624,44.591,54.937,45.04,75.708,82.068,51.048,55.402,0.0,72.644,38.288,81.709,37.828,85.711,62.479,77.26,36.678,68.158,31.258,63.79,78.517,58.289,84.748,25.879,79.306,82.161,68.401,78.721,49.352,17.44,74.398,46.429,77.208,49.968,77.918,69.118,84.17,28.189,54.199,39.175,52.037,56.745,75.778,47.354,47.783,50.083,47.168,73.431,80.731,45.15,64.172,50.314,50.132,86.942,71.75,50.265,59.854,86.349,52.168,83.183,57.705,43.218,51.956,7.691,56.711,31.268,63.572,55.232,59.847,37.294,85.673,10.089,9.589,28.185,82.723,24.984,51.792,55.191,73.247,77.266,7.987
46.972,34.846,37.725,23.664,4.473,61.231,25.097,38.117,77.964,54.419,74.514,51.673,14.755,34.071,58.45,7.172,30.351,78.021,35.549,18.227,28.053,23.995,47.074,28.133,41.782,21.596,82.43,72.644,0.0,35.243,40.735,69.563,45.425,84.833,79.141,40.296,48.046,41.386,78.173,24.843,81.498,49.166,55.785,49.013,48.131,45.004,9.165,79.24,80.386,11.853,26.215,15.403,41.573,78.594,21.179,69.408,56.16,54.825,42.036,45.246,15.899,13.297,28.562,28.38,23.362,70.966,36.616,40.445,71.396,29.108,22.33,49.991,14.298,50.184,46.177,26.5,33.135,46.446,23.72,37.9,29.426,20.688,80.335,31.143,48.835,35.757,17.412,58.097,52.974,42.531,82.733,82.233,44.459,42.777,47.66,20.852,70.45,81.492,36.98,71.837
45.664,70.089,3.943,15.447,38.546,51.128,39.024,17.752,43.608,20.063,77.999,82.781,33.696,69.314,51.313,42.415,30.27,74.551,34.842,53.47,9.857,49.894,39.997,63.376,77.025,34.021,50.359,38.288,35.243,0.0,75.978,35.207,80.668,57.436,72.217,5.053,29.87,24.441,58.747,40.229,53.246,79.705,21.429,74.263,77.118,30.113,40.433,44.884,46.03,47.096,13.434,50.646,44.925,72.875,30.83,79.127,23.146,49.156,6.793,13.749,22.551,48.54,9.066,42.74,45.04,42.125,35.143,75.688,40.107,59.129,39.508,45.089,48.654,66.707,11.977,21.566,48.061,47.125,44.895,19.417,8.077,35.128,45.979,51.668,26.225,58.529,33.079,54.804,32.251,77.774,48.377,47.877,13.352,77.68,13.304,23.167,50.148,68.204,72.223,37.481
56.037,5.889,72.035,64.399,45.208,70.296,36.954,58.226,88.774,83.013,83.579,60.738,42.282,41.969,67.515,33.563,45.708,87.086,44.614,22.508,66.121,33.06,56.139,12.602,24.258,41.957,91.495,81.709,40.735,75.978,0.0,78.628,25.461,93.898,88.206,81.031,88.781,51.537,87.238,65.578,90.563,58.231,64.85,58.078,57.196,85.739,49.9,88.305,89.451,28.882,62.544,25.332,50.638,87.659,61.914,78.473,65.225,63.89,82.771,85.981,53.427,27.438,69.297,37.445,32.427,80.031,77.351,9.694,80.461,38.173,36.47,59.056,38.992,59.249,86.912,67.235,73.87,55.511,64.455,78.635,67.901,40.85,89.4,40.208,57.9,44.822,42.899,67.162,62.039,3.964,91.798,91.298,62.626,51.842,83.04,52.811,79.515,90.557,32.767,80.902
22.591,78.147,31.838,50.654,73.753,18.343,44.466,31.446,45.581,39.82,45.214,49.996,54.808,36.659,18.528,68.338,39.212,41.766,34.014,69.543,41.51,45.568,22.489,72.627,54.37,47.967,17.574,37.828,69.563,35.207,78.628,0.0,53.167,24.651,39.432,37.838,65.077,28.177,25.962,75.436,20.461,46.92,13.778,41.478,44.333,65.32,75.64,11.524,20.388,71.317,43.348,74.127,27.99,40.09,66.037,46.342,13.403,16.371,39.578,48.956,53.664,72.697,44.273,41.183,46.201,9.34,70.35,68.934,7.322,40.455,47.233,19.572,83.861,33.922,47.184,56.773,83.268,23.117,80.102,54.624,40.137,48.875,40.235,38.42,20.728,33.806,52.151,22.019,16.589,82.592,32.701,38.234,25.104,44.895,39.847,48.711,17.363,35.419,45.861,29.841
35.004,24.98,76.725,69.089,49.898,44.835,41.644,62.916,93.464,87.703,58.118,35.277,46.972,16.508,42.054,38.253,50.398,61.625,45.826,27.198,70.811,30.774,40.671,19.46,3.643,46.647,66.034,85.711,45.425,80.668,25.461,53.167,0.0,68.437,62.745,85.721,93.471,56.227,61.777,70.268,65.102,32.77,59.832,32.617,31.735,90.429,54.59,62.844,68.271,33.572,67.234,30.022,35.743,62.198,66.604,53.012,57.522,38.429,87.461,90.671,58.117,32.128,73.987,37.928,35.628,54.57,82.041,15.767,55.0,21.539,41.16,35.579,43.682,33.788,91.602,71.925,78.56,33.543,69.145,83.325,72.591,45.54,88.118,29.0,54.443,22.139,47.589,41.701,48.417,29.425,80.584,86.117,67.316,26.381,87.73,57.501,54.054,65.096,8.445,77.724
37.861,93.417,53.493,65.924,89.023,23.602,59.736,46.716,70.232,64.471,20.563,33.16,70.078,51.929,26.383,83.608,54.482,17.115,49.284,84.813,56.78,60.838,37.759,87.897,69.64,63.237,7.077,62.479,84.833,57.436,93.898,24.651,68.437,0.0,14.781,62.489,80.347,43.447,6.66,90.706,4.19,35.667,36.6,35.82,36.702,80.59,90.91,13.127,45.039,86.587,58.618,89.397,43.26,15.439,81.307,21.691,34.29,30.008,64.229,67.439,68.934,87.967,59.543,56.453,61.471,15.311,85.62,84.204,17.329,55.725,62.503,34.842,99.131,34.649,68.37,72.043,98.538,38.387,95.372,69.894,55.407,64.145,64.886,53.69,35.998,49.076,67.421,26.736,31.859,97.862,57.352,62.885,44.084,42.056,64.498,63.981,14.383,10.768,61.131,54.492
32.169,87.725,68.274,60.638,83.331,21.089,54.044,54.465,85.013,79.252,5.782,27.468,64.386,46.237,20.904,77.916,48.79,2.334,43.592,79.121,62.36,55.146,32.22,82.205,63.948,57.545,21.858,77.26,79.141,72.217,88.206,39.432,62.745,14.781,0.0,77.27,85.02,47.776,13.47,85.014,18.971,29.975,51.381,30.128,31.01,81.978,85.218,27.908,59.82,80.895,58.783,83.705,37.568,0.658,75.615,9.733,49.071,24.316,79.01,82.22,63.242,82.275,65.536,50.761,55.779,30.092,79.928,78.512,32.11,50.033,56.811,29.15,93.439,28.957,83.151,66.351,92.846,32.695,89.68,74.874,64.14,58.453,79.667,47.998,45.992,43.384,61.729,21.044,39.966,92.17,72.133,77.666,58.865,36.364,79.279,58.289,22.069,4.013,55.439,69.273
50.717,75.142,8.996,17.057,40.156,56.181,44.077,22.805,41.998,18.453,83.052,87.834,38.749,74.367,56.366,47.468,35.323,79.604,39.895,58.523,14.91,54.947,45.05,68.429,82.078,39.074,55.412,36.678,40.296,5.053,81.031,37.838,85.721,62.489,77.27,0.0,31.48,29.494,63.8,41.839,58.299,84.758,25.889,79.316,82.171,31.723,42.043,49.362,44.42,52.149,18.487,55.699,49.978,77.928,32.44,84.18,28.199,54.209,2.497,15.359,27.604,53.593,11.734,47.793,50.093,47.178,36.753,80.741,45.16,64.182,44.561,50.142,50.264,71.76,13.587,23.176,49.671,52.178,46.505,21.027,13.13,40.181,44.369,56.721,31.278,63.582,38.132,59.857,37.304,82.827,46.767,46.267,18.405,82.733,11.694,28.22,55.201,73.257,77.276,35.871
58.467,82.892,33.239,24.382,43.573,63.931,51.827,33.631,73.478,49.933,90.802,95.584,46.499,82.117,64.116,55.218,43.073,87.354,47.645,66.273,23.567,62.697,52.8,76.179,89.828,46.824,77.944,68.158,48.046,29.87,88.781,65.077,93.471,80.347,85.02,31.48,0.0,37.244,73.687,23.203,77.012,92.508,51.299,87.066,89.921,3.042,38.881,74.754,75.9,59.899,26.237,63.449,57.728,85.678,26.867,91.93,51.674,61.959,28.983,16.121,35.354,61.343,20.804,55.543,57.843,66.48,11.43,88.491,66.91,71.932,52.311,57.892,49.789,79.51,17.893,21.546,18.191,59.928,24.326,10.453,24.94,47.931,75.849,64.471,44.349,71.332,45.882,67.607,48.488,90.577,78.247,77.747,39.973,90.483,43.174,35.97,65.964,81.007,85.026,67.351
21.223,49.97,20.498,22.477,45.576,26.687,16.289,6.689,37.237,31.476,53.558,58.34,26.631,44.873,26.872,40.161,11.035,50.11,10.401,41.366,14.584,25.453,15.556,44.45,52.584,19.79,41.044,31.258,41.386,24.441,51.537,28.177,56.227,43.447,47.776,29.494,37.244,0.0,36.787,47.259,40.112,55.264,14.399,49.822,52.677,37.143,47.463,37.854,39.0,43.14,15.171,45.95,20.484,48.434,37.86,54.686,14.774,24.715,31.234,34.444,25.487,44.52,17.76,18.299,20.599,29.58,42.173,51.247,30.01,34.688,19.056,20.648,55.684,42.266,35.375,28.596,55.091,22.684,51.925,27.098,16.364,20.698,38.949,27.227,7.449,34.088,23.974,30.363,11.588,54.415,41.347,40.847,11.089,53.239,31.503,20.534,29.064,43.763,47.782,30.451
31.201,86.757,54.804,59.264,82.363,16.942,53.076,40.995,71.543,65.782,19.252,26.5,63.418,45.269,19.723,76.948,47.822,15.804,42.624,78.153,50.12,54.178,31.099,81.237,62.98,56.577,8.388,63.79,78.173,58.747,87.238,25.962,61.777,6.66,13.47,63.8,73.687,36.787,0.0,84.046,5.501,29.007,37.911,29.16,30.042,73.93,84.25,14.438,46.35,79.927,51.958,82.737,36.6,14.128,74.647,20.38,35.601,23.348,65.54,68.75,62.274,81.307,52.883,49.793,54.811,16.622,78.96,77.544,18.64,49.065,55.843,28.182,92.471,27.989,69.681,65.383,91.878,31.727,88.712,63.234,50.67,57.485,66.197,47.03,32.522,42.416,60.761,20.076,26.496,91.202,58.663,64.196,45.395,35.396,65.809,57.321,8.599,9.457,54.471,55.803
52.845,59.689,43.598,24.782,20.37,67.104,30.97,43.99,83.837,60.292,80.387,72.381,23.296,58.914,64.323,32.015,36.224,83.894,41.422,43.07,33.926,39.494,52.947,52.976,66.625,27.469,88.303,78.517,24.843,40.229,65.578,75.436,70.268,90.706,85.014,41.839,23.203,47.259,84.046,0.0,87.371,69.305,61.658,63.863,66.718,20.161,15.678,85.113,86.259,36.696,32.088,40.246,47.446,84.467,9.399,75.281,62.033,60.698,39.342,26.48,21.772,38.14,31.163,34.253,34.64,76.839,11.773,65.288,77.269,48.729,29.108,55.864,26.586,56.307,28.252,18.663,8.292,52.319,4.666,20.812,35.299,26.561,86.208,41.268,54.708,48.129,23.285,63.97,58.847,67.374,88.606,88.106,50.332,67.28,53.533,26.725,76.323,87.365,61.823,77.71
34.526,90.082,49.303,62.589,85.688,20.267,56.401,43.381,66.042,60.281,24.753,29.825,66.743,48.594,23.048,80.273,51.147,21.305,45.949,81.478,53.445,57.503,34.424,84.562,66.305,59.902,2.887,58.289,81.498,53.246,90.563,20.461,65.102,4.19,18.971,58.299,77.012,40.112,5.501,87.371,0.0,32.332,32.41,32.485,33.367,77.255,87.575,8.937,40.849,83.252,55.283,86.062,39.925,19.629,77.972,25.881,30.1,26.673,60.039,63.249,65.599,84.632,56.208,53.118,58.136,11.121,82.285,80.869,13.139,52.39,59.168,31.507,95.796,31.314,64.18,68.708,95.203,35.052,92.037,66.559,52.072,60.81,60.696,50.355,32.663,45.741,64.086,23.401,28.524,94.527,53.162,58.695,39.894,38.721,60.308,60.646,11.048,14.958,57.796,50.302
34.041,57.75,75.762,68.126,53.356,28.577,40.681,61.953,92.501,86.74,25.348,3.076,46.009,16.262,28.392,47.941,49.435,28.855,44.863,49.146,69.848,29.811,39.708,52.23,33.973,45.684,33.264,84.748,49.166,79.705,58.231,46.92,32.77,35.667,29.975,84.758,92.508,55.264,29.007,69.305,32.332,0.0,58.869,5.442,2.587,89.466,55.243,35.396,67.308,50.92,66.271,53.73,34.78,29.428,65.641,20.242,56.559,30.549,86.498,89.708,57.154,52.3,73.024,36.965,34.665,37.58,81.078,48.537,39.598,20.576,40.197,34.616,63.464,12.998,90.639,70.962,77.597,32.58,68.182,82.362,71.628,44.577,87.155,28.037,53.48,21.176,46.626,24.901,47.454,62.195,79.621,85.154,66.353,6.389,86.767,56.538,29.557,32.326,25.464,76.761
24.828,64.369,18.06,36.876,59.975,30.292,30.688,17.668,33.632,27.871,57.163,61.945,41.03,48.478,30.477,54.56,25.434,53.715,20.236,55.765,27.732,31.79,19.161,58.849,56.189,34.189,29.523,25.879,55.785,21.429,64.85,13.778,59.832,36.6,51.381,25.889,51.299,14.399,37.911,61.658,32.41,58.869,0.0,53.427,56.282,51.542,61.862,23.473,24.601,57.539,29.57,60.349,24.089,52.039,52.259,58.291,2.31,28.32,27.629,35.178,39.886,58.919,30.495,27.405,32.423,21.289,56.572,55.156,19.271,38.293,33.455,24.253,70.083,45.871,33.406,42.995,69.49,26.289,66.324,40.846,26.359,35.097,28.286,30.832,6.95,37.693,38.373,33.968,11.415,68.814,26.948,26.448,11.326,56.844,27.898,34.933,29.312,47.368,51.387,17.892
28.599,57.597,70.32,62.684,53.203,23.135,35.239,56.511,87.059,81.298,25.501,8.518,40.567,16.109,22.95,47.788,43.993,29.008,39.421,48.993,64.406,25.018,34.266,52.077,33.82,40.242,33.417,79.306,49.013,74.263,58.078,41.478,32.617,35.82,30.128,79.316,87.066,49.822,29.16,63.863,32.485,5.442,53.427,0.0,2.855,84.024,55.09,30.227,61.866,50.767,60.829,53.577,29.338,29.581,60.199,20.395,51.117,25.107,81.056,84.266,51.712,52.147,67.582,31.523,29.223,32.138,75.636,48.384,34.156,19.905,34.755,29.174,63.311,7.556,85.197,65.52,72.155,27.138,62.74,76.92,66.186,39.135,81.713,22.595,48.038,15.734,41.184,19.459,42.012,62.042,74.179,79.712,60.911,6.236,81.325,51.096,24.115,32.479,25.311,71.319
31.454,56.715,73.175,65.539,52.321,25.99,38.094,59.366,89.914,84.153,26.383,5.663,43.422,15.227,25.805,46.906,46.848,29.89,42.276,48.111,67.261,27.224,37.121,51.195,32.938,43.097,34.299,82.161,48.131,77.118,57.196,44.333,31.735,36.702,31.01,82.171,89.921,52.677,30.042,66.718,33.367,2.587,56.282,2.855,0.0,86.879,54.208,32.809,64.721,49.885,63.684,52.695,32.193,30.463,63.054,21.277,53.972,27.962,83.911,87.121,54.567,51.265,70.437,34.378,32.078,34.993,78.491,47.502,37.011,19.023,37.61,32.029,62.429,10.411,88.052,68.375,75.01,29.993,65.595,79.775,69.041,41.99,84.568,25.45,50.893,18.589,44.039,22.314,44.867,61.16,77.034,82.567,63.766,5.354,84.18,53.951,26.97,33.361,24.429,74.174
55.425,79.85,33.482,21.34,40.531,60.889,48.785,33.874,73.721,50.176,87.76,92.542,43.457,79.075,61.074,52.176,40.031,84.312,44.603,63.231,23.81,59.655,49.758,73.137,86.786,43.782,78.187,68.401,45.004,30.113,85.739,65.32,90.429,80.59,81.978,31.723,3.042,37.143,73.93,20.161,77.255,89.466,51.542,84.024,86.879,0.0,35.839,74.997,76.143,56.857,23.195,60.407,54.686,82.636,23.825,88.888,51.917,58.917,29.226,16.364,32.312,58.301,21.047,52.501,54.801,66.723,8.388,85.449,67.153,68.89,49.269,54.85,46.747,76.468,18.136,18.504,17.948,56.886,21.284,10.696,25.183,44.889,76.092,61.429,44.592,68.29,42.84,64.565,48.731,87.535,78.49,77.99,40.216,87.441,43.417,32.928,66.207,77.965,81.984,67.594
53.049,44.011,43.802,24.986,4.692,67.308,31.174,44.194,84.041,60.496,80.591,57.75,20.832,43.236,64.527,16.337,36.428,84.098,41.626,27.392,34.13,30.072,53.151,37.298,50.947,27.673,88.507,78.721,9.165,40.433,49.9,75.64,54.59,90.91,85.218,42.043,38.881,47.463,84.25,15.678,87.575,55.243,61.862,55.09,54.208,35.839,0.0,85.317,86.463,21.018,32.292,24.568,47.65,84.671,12.014,75.485,62.237,60.902,39.546,36.081,21.976,22.462,31.367,34.457,29.439,77.043,27.451,49.61,77.473,35.185,28.407,56.068,10.908,56.261,37.012,18.867,23.97,52.523,14.555,28.735,35.503,26.765,86.412,37.22,54.912,41.834,23.489,64.174,59.051,51.696,88.81,88.31,50.536,51.602,53.737,26.929,76.527,87.569,46.145,77.914
32.268,87.824,41.515,60.331,83.43,18.009,54.143,41.123,57.105,51.344,33.69,38.472,64.485,46.336,20.79,78.015,48.889,30.242,43.691,79.22,51.187,55.245,32.166,82.304,64.047,57.644,6.05,49.352,79.24,44.884,88.305,11.524,62.844,13.127,27.908,49.362,74.754,37.854,14.438,85.113,8.937,35.396,23.473,30.227,32.809,74.997,85.317,0.0,31.912,80.994,53.025,83.804,37.667,28.566,75.714,34.818,23.08,24.415,51.102,58.633,63.341,82.374,53.95,50.86,55.878,8.274,80.027,78.611,7.844,50.132,56.91,29.249,93.538,29.056,56.861,66.45,92.945,32.794,89.779,64.301,49.814,58.552,51.759,48.097,30.405,43.483,61.828,21.143,26.266,92.269,44.225,49.758,34.781,36.463,51.371,58.388,8.79,23.895,55.538,41.365
33.414,88.97,42.661,61.477,84.576,38.731,55.289,42.269,25.193,25.967,65.602,70.384,65.631,56.917,38.916,79.161,50.035,62.154,44.837,80.366,52.333,56.391,33.312,83.45,65.193,58.79,37.962,17.44,80.386,46.03,89.451,20.388,68.271,45.039,59.82,44.42,75.9,39.0,46.35,86.259,40.849,67.308,24.601,61.866,64.721,76.143,86.463,31.912,0.0,82.14,54.171,84.95,38.813,60.478,76.86,66.73,24.226,36.759,46.917,59.779,64.487,83.52,55.096,52.006,57.024,29.728,81.173,79.757,27.71,51.278,58.056,32.692,94.684,54.31,58.007,67.596,94.091,34.728,90.925,65.447,50.96,59.698,19.847,49.243,31.551,46.132,62.974,42.407,27.412,93.415,12.313,17.846,35.927,65.283,32.726,59.534,37.751,55.807,59.826,9.453
48.726,22.993,43.153,35.517,16.326,62.985,26.851,39.871,79.718,56.173,76.268,53.427,16.509,34.658,60.204,4.681,32.105,79.775,37.303,6.374,37.239,25.749,48.828,16.28,29.929,23.35,84.184,74.398,11.853,47.096,28.882,71.317,33.572,86.587,80.895,52.149,59.899,43.14,79.927,36.696,83.252,50.92,57.539,50.767,49.885,56.857,21.018,80.994,82.14,0.0,33.662,3.55,43.327,80.348,33.032,71.162,57.914,56.579,53.889,57.099,24.545,1.444,40.415,30.134,25.116,72.72,48.469,28.592,73.15,30.862,24.084,51.745,12.544,51.938,58.03,38.353,44.988,48.2,35.573,49.753,39.019,22.442,82.089,32.897,50.589,37.511,19.166,59.851,54.728,30.678,84.487,83.987,46.213,44.531,54.158,23.929,72.204,83.246,25.456,73.591
32.23,56.655,11.51,7.306,30.405,37.694,25.59,11.902,51.749,28.204,64.565,69.347,20.262,55.88,37.879,28.981,16.836,61.117,21.408,40.036,3.577,36.46,26.563,49.942,63.591,20.587,56.215,46.429,26.215,13.434,62.544,43.348,67.234,58.618,58.783,18.487,26.237,15.171,51.958,32.088,55.283,66.271,29.57,60.829,63.684,23.195,32.292,53.025,54.171,33.662,0.0,37.212,31.491,59.441,22.689,65.693,29.945,35.722,20.227,23.437,10.316,35.106,6.753,29.306,31.606,44.751,27.002,62.254,45.181,45.695,26.074,31.655,40.513,53.273,24.368,13.425,39.92,33.691,36.754,16.091,5.357,21.694,54.12,38.234,22.62,45.095,19.645,41.37,26.759,64.34,56.518,56.018,18.244,64.246,21.445,9.733,44.235,55.277,58.789,45.622
51.536,19.443,46.703,39.067,19.876,65.795,29.661,42.681,82.528,58.983,79.078,56.237,19.319,37.468,63.014,8.231,34.915,82.585,40.113,4.584,40.789,28.559,51.638,12.73,26.379,26.16,86.994,77.208,15.403,50.646,25.332,74.127,30.022,89.397,83.705,55.699,63.449,45.95,82.737,40.246,86.062,53.73,60.349,53.577,52.695,60.407,24.568,83.804,84.95,3.55,37.212,0.0,46.137,83.158,36.582,73.972,60.724,59.389,57.439,60.649,28.095,2.106,43.965,32.944,27.926,75.53,52.019,25.042,75.96,33.672,26.894,54.555,13.66,54.748,61.58,41.903,48.538,51.01,39.123,53.303,42.569,25.252,84.899,35.707,53.399,40.321,21.976,62.661,57.538,27.128,87.297,86.797,49.023,47.341,57.708,27.479,75.014,86.056,28.266,76.401
5.399,50.157,40.982,33.346,45.763,19.658,16.476,27.173,57.721,51.96,33.074,37.856,26.818,24.389,16.877,40.348,14.655,36.448,10.083,41.553,35.068,17.578,5.501,44.637,32.1,19.977,40.857,49.968,41.573,44.925,50.638,27.99,35.743,43.26,37.568,49.978,57.728,20.484,36.6,47.446,39.925,34.78,24.089,29.338,32.193,54.686,47.65,37.667,38.813,43.327,31.491,46.137,0.0,37.021,38.047,34.202,21.779,13.252,51.718,54.928,25.674,44.707,38.244,13.193,18.211,29.393,46.298,40.944,29.823,14.204,19.243,8.418,55.871,21.782,55.859,36.182,55.278,4.873,52.112,47.582,36.848,20.885,52.375,10.43,18.7,13.604,24.161,16.524,12.674,54.602,44.841,50.374,31.573,32.755,51.987,21.758,28.877,39.919,27.298,41.981
31.622,87.178,68.932,61.296,82.784,21.747,53.497,55.123,85.671,79.91,5.124,26.921,63.839,45.69,21.562,77.369,48.243,1.676,43.045,78.574,63.018,54.599,32.878,81.658,63.401,56.998,22.516,77.918,78.594,72.875,87.659,40.09,62.198,15.439,0.658,77.928,85.678,48.434,14.128,84.467,19.629,29.428,52.039,29.581,30.463,82.636,84.671,28.566,60.478,80.348,59.441,83.158,37.021,0.0,75.068,9.186,49.729,23.769,79.668,82.878,62.695,81.728,66.194,50.214,55.232,30.75,79.381,77.965,32.768,49.486,56.264,28.603,92.892,28.41,83.809,65.804,92.299,32.148,89.133,75.532,64.798,57.906,80.325,47.451,46.65,42.837,61.182,20.497,40.624,91.623,72.791,78.324,59.523,35.817,79.937,57.742,22.727,4.671,54.892,69.931
43.446,56.025,34.199,15.383,16.706,57.705,24.96,34.591,74.438,50.893,70.988,68.717,19.632,55.25,54.924,28.351,26.825,74.495,32.023,39.406,24.527,35.83,43.548,49.312,62.961,19.957,78.904,69.118,21.179,30.83,61.914,66.037,66.604,81.307,75.615,32.44,26.867,37.86,74.647,9.399,77.972,65.641,52.259,60.199,63.054,23.825,12.014,75.714,76.86,33.032,22.689,36.582,38.047,75.068,0.0,65.882,52.634,51.299,29.943,24.067,12.373,34.476,21.764,28.676,30.976,67.44,15.437,61.624,67.87,45.065,25.444,46.465,22.922,52.643,24.998,9.264,17.231,42.92,14.065,16.721,25.9,21.064,76.809,37.604,45.309,44.465,19.015,54.571,49.448,63.71,79.207,78.707,40.933,63.616,44.134,17.326,66.924,77.966,58.159,68.311
33.463,77.992,75.184,67.548,73.598,27.999,44.311,61.375,91.923,86.162,5.106,17.735,54.653,36.504,27.814,68.183,48.857,8.613,44.285,69.388,69.27,45.413,39.13,72.472,54.215,47.812,28.768,84.17,69.408,79.127,78.473,46.342,53.012,21.691,9.733,84.18,91.93,54.686,20.38,75.281,25.881,20.242,58.291,20.395,21.277,88.888,75.485,34.818,66.73,71.162,65.693,73.972,34.202,9.186,65.882,0.0,55.981,29.971,85.92,89.13,56.576,72.542,72.446,41.028,46.046,37.002,80.5,68.779,39.02,40.3,47.078,34.038,83.706,19.224,90.061,70.384,83.113,32.002,79.947,81.784,71.05,48.72,86.577,38.265,52.902,33.651,51.996,24.323,46.876,82.437,79.043,84.576,65.775,26.631,86.189,55.96,28.979,12.084,45.706,76.183
22.518,64.744,19.203,37.251,60.35,27.982,31.063,18.043,35.942,30.181,54.853,59.635,41.405,46.168,28.167,54.935,25.809,51.405,20.611,56.14,28.107,32.165,16.851,59.224,53.879,34.564,27.213,28.189,56.16,23.146,65.225,13.403,57.522,34.29,49.071,28.199,51.674,14.774,35.601,62.033,30.1,56.559,2.31,51.117,53.972,51.917,62.237,23.08,24.226,57.914,29.945,60.724,21.779,49.729,52.634,55.981,0.0,26.01,29.939,35.553,40.261,59.294,30.87,27.78,32.798,18.979,56.947,55.531,16.961,35.983,33.83,21.943,70.458,43.561,34.08,43.37,69.865,23.979,66.699,41.221,26.734,35.472,30.596,28.522,7.325,35.383,38.748,31.658,9.105,69.189,26.573,28.595,11.701,54.534,30.208,35.308,27.002,45.058,49.077,20.202
7.853,63.409,45.213,37.577,59.015,6.406,29.728,31.404,61.952,56.191,28.843,33.625,40.07,21.921,3.625,53.6,24.474,25.395,19.276,54.805,39.299,30.83,9.159,57.889,39.632,33.229,27.605,54.199,54.825,49.156,63.89,16.371,38.429,30.008,24.316,54.209,61.959,24.715,23.348,60.698,26.673,30.549,28.32,25.107,27.962,58.917,60.902,24.415,36.759,56.579,35.722,59.389,13.252,23.769,51.299,29.971,26.01,0.0,55.949,59.159,38.926,57.959,42.475,26.445,31.463,16.141,55.612,54.196,16.571,25.717,32.495,4.834,69.123,17.551,60.09,42.035,68.53,8.379,65.364,51.813,41.079,34.137,56.606,23.682,22.931,19.068,37.413,5.648,16.905,67.854,49.072,54.605,35.804,28.524,56.218,33.973,15.625,26.667,31.123,46.212
