0,1,2,3,4,5,6,7,8,9,10,11,12,13,14,15,16,17,18,19,20,21,22,23,24,25,26,27,28,29,30,31,32,33,34,35,36,37,38,39,40,41,42,43,44,45,46,47,48,49,50,51,52,53,54,55,56,57,58,59,60,61,62,63,64,65,66,67,68,69,70,71,72,73,74,75,76,77,78,79,80,81,82,83,84,85,86,87,88,89,90,91,92,93,94,95,96,97,98,99,100,101,102,103,104,105,106,107,108,109,110,111,112,113,114,115,116,117,118,119,120,121,122,123,124,125,126,127,128,129,130,131,132,133,134,135,136,137,138,139,140,141,142,143,144,145,146,147,148,149,150,151,152,153,154,155,156,157,158,159,160,161,162,163,164,165,166,167,168,169,170,171,172,173,174,175,176,177,178,179,180,181,182,183,184,185,186,187,188,189,190,191,192,193,194,195,196,197,198,199
0.0,26.233,30.656,41.968,62.805,84.19,30.862,24.512,88.605,90.089,12.103,90.182,5.806,38.904,89.882,24.553,61.096,24.187,8.042,52.572,23.86,9.03,62.378,58.985,54.847,69.236,25.999,62.872,54.713,92.264,26.498,48.289,26.741,58.104,89.999,52.885,81.268,29.138,84.311,62.774,28.728,49.488,28.705,32.271,67.124,57.627,71.044,26.636,44.091,23.759,86.131,19.89,36.231,44.906,35.216,38.193,77.242,59.357,30.097,45.849,47.791,13.281,33.864,61.016,27.526,46.76,34.727,72.264,15.7,74.526,85.335,81.753,84.43,84.06,71.196,88.04,82.648,58.529,76.44,63.583,18.946,55.625,60.968,48.089,35.118,57.765,54.647,83.153,85.779,32.452,45.029,50.337,35.037,48.995,67.563,1.744,60.121,92.908,69.092,55.574,69.463,29.691,85.939,75.251,49.022,14.535,92.488,12.753,9.121,67.007,59.596,72.085,89.661,34.835,33.66,55.804,19.35,19.944,36.354,58.566,56.392,93.187,39.912,46.085,29.044,83.434,51.508,60.793,69.052,45.625,59.744,24.586,53.454,30.36,60.322,39.037,62.698,55.479,24.701,34.777,71.593,72.502,52.851,69.528,52.672,64.36,56.784,8.86,50.822,73.559,76.585,88.788,13.188,94.746,55.281,49.32,38.241,70.882,12.485,74.494,92.765,50.426,71.725,74.661,53.056,3.625,65.685,36.695,72.716,13.819,93.55,90.838,25.069,41.121,30.667,35.281,31.749,88.752,87.743,15.51,37.285,27.777,82.335,51.171,61.986,86.811,38.413,39.185,32.508,8.809,79.771,65.841,43.397,37.062,12.036,72.193,84.33,57.408,66.254,5.6
26.233,0.0,4.423,15.735,36.572,57.957,23.724,7.405,62.372,63.856,25.498,63.949,20.427,12.671,63.649,18.033,58.045,2.046,18.516,42.464,17.849,28.098,36.145,67.044,74.343,43.003,45.495,36.639,74.209,66.031,38.579,67.785,7.245,41.432,63.766,37.313,55.035,21.98,58.078,36.541,41.932,68.984,48.201,51.767,61.97,35.124,44.811,46.132,49.187,11.629,59.898,6.343,43.942,18.673,54.712,11.96,67.514,40.102,28.736,19.616,67.287,32.777,18.208,34.783,47.022,50.039,9.747,46.031,35.196,58.355,77.624,55.52,58.197,57.827,45.89,61.807,56.559,32.296,67.858,41.17,38.442,29.392,56.295,21.856,16.842,31.532,28.414,73.378,59.546,51.948,39.442,69.833,20.619,68.491,69.383,24.776,59.413,66.675,42.859,75.07,46.637,49.187,59.706,61.656,68.518,19.238,66.255,26.872,20.204,40.774,79.092,45.852,63.896,20.831,53.156,36.414,18.027,13.202,16.858,32.333,30.159,66.954,13.679,65.581,2.811,57.201,60.225,57.113,42.819,65.121,53.944,33.827,27.221,4.127,78.871,26.199,36.465,63.569,30.246,42.162,45.36,46.269,72.347,43.295,28.818,38.711,76.28,24.322,24.589,56.506,63.556,62.555,32.172,68.513,74.777,68.816,24.0,44.649,31.981,74.793,66.532,24.193,45.492,75.744,26.823,29.858,39.452,29.478,46.483,15.846,67.317,77.823,3.982,28.333,50.163,21.165,5.516,64.165,61.51,21.85,17.789,36.329,56.102,70.667,35.753,60.578,15.395,12.952,52.004,17.424,53.538,39.608,51.797,19.607,31.532,45.96,58.097,76.904,40.021,20.633
30.656,4.423,0.0,11.312,32.149,53.534,28.147,11.828,57.949,59.433,29.921,59.526,24.85,8.248,59.226,22.456,56.483,6.469,22.939,40.902,16.287,26.536,31.722,65.482,72.781,38.58,43.933,32.216,72.647,61.608,37.017,66.223,9.286,39.87,59.343,35.751,50.612,26.403,53.655,32.118,40.37,67.422,46.639,50.205,60.408,33.562,40.388,44.57,47.625,16.052,55.475,10.766,42.38,14.25,53.15,9.265,65.952,38.54,27.174,15.193,65.725,31.215,22.631,30.36,45.46,48.477,8.185,41.608,33.634,56.793,76.062,51.097,53.774,53.404,44.328,57.384,54.997,27.873,66.296,39.608,36.88,24.969,54.733,17.433,15.28,27.109,23.991,71.816,55.123,50.386,37.88,68.271,25.042,66.929,67.821,29.199,57.851,62.252,38.436,73.508,45.075,47.625,55.283,60.094,66.956,17.676,61.832,31.295,24.627,36.351,77.53,41.429,62.334,25.254,51.594,34.852,22.45,17.625,18.42,27.91,25.736,62.531,9.256,64.019,1.612,52.778,58.663,55.551,38.396,63.559,52.382,32.265,22.798,3.889,77.309,24.637,32.042,62.007,28.684,40.6,40.937,41.846,70.785,38.872,27.256,37.149,74.718,28.745,21.575,54.944,61.994,58.132,30.61,64.09,73.215,67.254,22.438,40.226,32.723,73.231,62.109,19.77,41.069,74.182,22.4,34.281,35.029,33.901,42.06,16.837,62.894,76.261,5.587,26.771,48.601,25.588,6.467,62.603,58.828,26.273,20.896,34.767,51.679,69.105,33.61,56.155,13.833,8.529,50.442,21.847,49.115,35.185,50.235,18.045,29.97,41.537,53.674,75.342,35.598,25.056
41.968,15.735,11.312,0.0,20.837,42.222,39.459,23.14,48.046,48.121,41.233,48.214,36.162,3.064,47.914,33.768,49.887,17.781,34.251,34.306,18.108,32.938,20.41,58.886,66.185,27.268,42.463,20.904,66.051,50.296,30.421,59.627,20.598,33.274,48.031,29.155,39.3,37.715,42.343,28.04,33.774,60.826,40.043,43.609,53.812,26.966,29.076,37.974,41.029,27.364,44.163,22.078,35.784,15.7,46.554,3.775,59.356,31.944,20.578,12.927,59.129,29.834,33.943,20.654,44.729,41.881,7.241,30.296,36.765,50.197,69.466,39.785,42.462,42.092,37.732,46.072,48.401,16.561,59.7,33.012,43.677,13.657,48.137,6.121,8.684,15.797,12.679,65.22,43.811,43.79,31.284,61.675,36.354,60.333,61.225,40.511,51.255,50.94,27.124,66.912,38.479,41.029,43.971,53.498,60.36,27.433,50.52,42.607,35.939,28.249,70.934,30.117,55.738,36.566,44.998,28.256,33.762,28.937,25.016,18.082,18.179,51.219,15.65,57.423,12.924,41.466,52.067,48.955,27.084,56.963,45.786,25.669,11.486,11.608,70.713,18.041,20.73,55.411,22.088,34.004,29.625,30.534,64.189,27.56,20.66,30.553,68.122,40.057,28.171,48.348,55.398,46.82,28.78,52.778,66.619,60.658,15.842,28.914,44.035,66.635,50.797,8.458,29.757,67.586,11.088,45.593,23.717,45.213,30.748,28.149,51.582,69.665,16.899,20.175,42.005,36.9,13.063,56.007,52.232,37.585,32.208,28.171,41.268,62.509,27.014,44.843,7.237,4.644,43.846,33.159,37.803,23.873,43.639,11.449,35.072,30.225,42.362,68.746,24.286,36.368
62.805,36.572,32.149,20.837,0.0,21.385,60.296,43.977,41.491,34.888,62.07,27.377,56.999,23.901,31.339,54.605,43.332,38.618,55.088,27.751,38.945,53.775,11.482,52.331,63.338,33.692,63.3,13.57,64.906,30.676,36.307,56.725,41.435,26.719,27.194,22.6,31.411,58.552,27.79,34.595,34.077,54.271,56.758,37.054,47.257,20.411,8.239,40.015,34.474,48.201,23.326,42.915,29.229,22.255,42.415,24.612,52.801,25.389,32.708,19.482,52.574,50.671,54.78,14.099,65.566,35.326,28.078,15.577,57.602,43.642,62.911,32.352,25.376,33.176,31.177,36.564,41.846,11.768,53.145,26.457,64.514,17.501,41.582,14.716,27.687,6.755,15.04,58.665,22.974,62.986,24.729,55.12,57.191,53.778,54.67,61.348,44.7,30.103,14.99,60.357,31.924,55.57,28.513,46.943,56.362,48.27,41.993,63.444,56.776,21.694,64.379,11.267,49.183,57.403,64.59,21.701,54.599,49.774,35.005,24.637,11.624,30.382,22.893,51.114,33.761,22.079,45.512,42.4,15.981,59.476,39.231,38.219,9.351,32.445,64.158,23.768,13.247,48.856,38.104,28.028,14.324,23.821,57.634,6.723,14.105,23.998,61.567,60.894,34.726,41.793,48.843,25.983,49.617,33.248,60.064,54.103,24.564,20.834,64.872,60.08,36.313,12.379,8.92,61.031,9.749,66.43,20.877,66.05,18.219,48.986,30.745,63.11,37.736,21.684,58.415,57.737,31.056,49.452,45.677,58.422,53.045,35.028,34.713,55.954,20.459,24.006,24.392,23.62,40.998,53.996,16.966,12.88,37.084,25.743,55.909,20.973,21.525,62.191,3.449,57.205
84.19,57.957,53.534,42.222,21.385,0.0,81.681,65.362,36.844,30.241,83.455,5.992,78.384,45.286,35.986,75.99,38.685,60.003,76.473,31.618,60.33,75.16,21.812,47.684,84.723,38.339,84.685,21.318,86.291,35.323,57.692,78.11,62.82,26.086,19.056,31.305,36.058,79.937,23.143,39.242,55.462,49.624,78.143,57.106,42.61,26.563,13.146,61.4,40.099,69.586,9.414,64.3,47.959,39.284,63.8,45.997,48.154,24.833,54.093,38.341,49.255,72.056,76.165,23.174,86.951,37.43,49.463,11.926,78.987,38.995,58.264,36.999,30.023,37.823,26.53,31.917,37.199,25.661,48.498,21.81,85.899,28.565,36.935,36.101,49.072,26.425,29.543,54.018,23.685,84.371,39.161,51.941,78.576,60.082,50.023,82.733,40.053,10.167,15.098,55.71,27.277,76.955,33.16,42.296,77.747,69.655,37.346,84.829,78.161,17.183,59.732,15.914,44.536,78.788,85.975,28.386,75.984,71.159,56.39,29.284,27.798,33.212,44.278,72.499,55.146,26.726,40.865,37.753,15.138,80.861,34.584,59.604,30.736,53.83,59.511,45.153,21.492,44.209,59.489,49.413,12.597,19.174,52.987,14.662,31.518,19.83,56.92,82.279,39.373,37.146,44.196,4.875,71.002,28.601,55.417,49.456,45.949,16.187,86.257,55.433,31.666,33.764,12.465,56.384,31.134,87.815,25.524,87.435,13.572,70.371,11.014,58.463,59.121,43.069,79.8,79.122,52.441,44.805,41.03,79.807,74.43,56.413,30.066,60.726,22.204,5.538,45.777,45.005,62.383,75.381,4.75,18.349,40.793,47.128,77.294,16.326,7.799,57.544,17.936,78.59
30.862,23.724,28.147,39.459,60.296,81.681,0.0,16.319,86.096,87.58,18.759,87.673,29.636,36.395,87.373,6.309,69.411,21.678,22.82,53.83,29.215,39.464,59.869,78.41,85.709,66.727,56.861,60.363,85.575,89.755,49.945,79.151,18.861,55.595,87.49,50.376,78.759,1.744,81.802,60.265,53.298,80.35,59.567,63.133,73.336,55.118,68.535,57.498,60.553,12.095,83.622,17.381,55.308,42.397,66.078,35.684,78.88,56.848,40.102,43.34,78.653,44.143,5.516,58.507,58.388,61.405,32.218,69.755,46.562,72.017,88.99,79.244,81.921,81.551,68.687,85.531,80.139,56.02,79.224,61.074,49.808,53.116,67.661,45.58,32.609,55.256,52.138,84.744,83.27,63.314,50.808,81.199,4.175,79.857,80.749,29.118,70.779,90.399,66.583,86.436,66.954,60.553,83.43,73.022,79.884,30.604,89.979,18.109,21.741,64.498,90.458,69.576,87.152,3.973,64.522,53.295,11.512,10.918,25.291,56.057,53.883,90.678,37.403,76.947,26.535,80.925,71.591,68.479,66.543,76.487,65.31,45.193,50.945,27.851,90.237,37.565,60.189,74.935,41.612,53.528,69.084,69.993,83.713,67.019,50.163,61.851,87.646,22.002,48.313,71.05,74.922,86.279,43.538,92.237,86.143,80.182,35.732,68.373,43.347,86.159,90.256,47.917,69.216,87.11,50.547,29.949,63.176,5.833,70.207,27.212,91.041,89.189,22.56,39.699,61.529,4.419,29.24,86.243,85.234,15.352,7.251,47.695,79.826,82.033,59.477,84.302,35.904,36.676,63.37,27.83,77.262,63.332,63.163,34.553,42.898,69.684,81.821,88.27,63.745,30.219
24.512,7.405,11.828,23.14,43.977,65.362,16.319,0.0,69.777,71.261,18.093,71.354,23.286,20.076,71.054,10.628,63.061,5.359,16.47,47.48,22.865,33.114,43.55,72.06,79.359,50.408,50.511,44.044,79.225,73.436,43.595,72.801,2.542,46.448,71.171,42.329,62.44,14.575,65.483,43.946,46.948,74.0,53.217,56.783,66.986,40.14,52.216,51.148,54.203,4.224,67.303,8.967,48.958,26.078,59.728,19.365,72.53,45.118,33.752,27.021,72.303,37.793,10.803,42.188,52.038,55.055,15.899,53.436,40.212,63.371,82.64,62.925,65.602,65.232,52.368,69.212,63.82,39.701,72.874,46.186,43.458,36.797,61.311,29.261,21.858,38.937,35.819,78.394,66.951,56.964,44.458,74.849,13.214,73.507,74.399,22.768,64.429,74.08,50.264,80.086,51.653,54.203,67.111,66.672,73.534,24.254,73.66,19.467,15.391,48.179,84.108,53.257,70.833,13.426,58.172,41.43,10.622,5.797,11.842,39.738,37.564,74.359,21.084,70.597,10.216,64.606,65.241,62.129,50.224,70.137,58.96,38.843,34.626,11.532,83.887,31.215,43.87,68.585,35.262,47.178,52.765,53.674,77.363,50.7,33.844,45.532,81.296,16.917,31.994,61.522,68.572,69.96,37.188,75.918,79.793,73.832,29.016,52.054,36.997,79.809,73.937,31.598,52.897,80.76,34.228,23.599,46.857,22.073,53.888,20.862,74.722,82.839,6.241,33.349,55.179,13.76,12.921,69.924,68.915,14.445,12.773,41.345,63.507,75.683,43.158,67.983,20.411,20.357,57.02,21.48,60.943,47.013,56.813,24.623,36.548,53.365,65.502,81.92,47.426,23.869
88.605,62.372,57.949,48.046,41.491,36.844,86.096,69.777,0.0,6.603,87.87,39.541,82.799,49.701,72.83,80.405,27.509,64.418,80.888,36.033,64.745,79.575,30.009,29.62,89.138,75.183,89.1,27.921,90.706,72.167,62.107,82.525,67.235,30.501,17.788,35.72,72.902,84.352,13.701,76.086,59.877,44.771,82.558,61.521,21.481,30.978,48.656,65.815,44.514,74.001,46.258,68.715,52.374,63.746,68.215,50.412,11.363,29.248,58.508,60.973,53.67,76.471,80.58,27.589,91.366,41.845,53.878,25.914,83.402,14.079,21.42,73.843,66.867,74.667,17.409,4.927,5.957,53.259,12.165,25.022,90.314,58.992,27.637,42.067,53.487,34.736,56.531,17.174,60.529,88.786,43.576,56.356,82.991,64.497,21.042,87.148,28.484,26.677,26.501,42.324,19.142,81.37,70.004,13.354,82.162,74.07,3.883,89.244,82.576,21.598,38.555,52.758,7.692,83.203,90.39,32.801,80.399,75.574,73.062,66.128,32.213,70.056,63.696,76.914,59.561,63.57,37.097,27.812,25.51,85.276,28.861,64.019,46.991,58.531,28.283,49.568,54.738,33.126,63.904,53.828,27.167,17.67,43.054,45.67,35.933,24.245,37.014,86.694,76.217,15.046,12.02,31.969,75.417,8.243,36.984,52.203,50.364,20.657,90.672,18.589,5.178,39.979,35.318,19.54,37.011,92.23,62.368,91.85,23.272,74.786,25.83,21.619,63.536,47.484,84.215,83.537,61.109,7.961,4.186,84.222,78.845,60.828,6.778,65.141,26.619,31.306,50.192,52.69,66.798,79.796,41.594,54.371,45.208,51.543,81.709,20.518,44.643,37.895,42.949,83.005
90.089,63.856,59.433,48.121,34.888,30.241,87.58,71.261,6.603,0.0,89.354,32.938,84.283,51.185,66.227,81.889,28.993,65.902,82.372,37.517,66.229,81.059,27.711,31.104,90.622,68.58,90.584,27.217,92.19,65.564,63.591,84.009,68.719,31.985,11.185,37.204,66.299,85.836,7.098,69.483,61.361,46.255,84.042,63.005,22.965,32.462,42.053,67.299,45.998,75.485,39.655,70.199,53.858,57.143,69.699,51.896,17.913,30.732,59.992,54.37,55.154,77.955,82.064,29.073,92.85,43.329,55.362,19.311,84.886,15.563,28.023,67.24,60.264,68.064,18.893,2.049,7.441,46.656,18.257,26.506,91.798,52.389,29.121,42.0,54.971,32.324,49.928,23.777,53.926,90.27,45.06,57.84,84.475,65.981,22.526,88.632,29.968,20.074,20.997,43.808,20.626,82.854,63.401,14.838,83.646,75.554,7.105,90.728,84.06,23.082,40.039,46.155,14.295,84.687,91.874,34.285,81.883,77.058,66.459,59.525,33.697,63.453,57.093,78.398,61.045,56.967,38.581,29.296,21.037,86.76,30.345,65.503,40.388,59.729,29.767,51.052,48.135,34.61,65.388,55.312,20.564,17.587,44.538,39.067,37.417,25.729,38.498,88.178,69.614,16.53,13.955,25.366,76.901,4.657,38.468,53.687,51.848,19.207,92.156,25.192,2.676,39.663,28.715,26.143,37.033,93.714,55.765,93.334,17.373,76.27,19.227,28.222,65.02,48.968,85.699,85.021,58.34,14.564,10.789,85.706,80.329,62.312,7.754,66.625,28.103,24.703,51.676,50.904,68.282,81.28,34.991,47.768,46.692,53.027,83.193,17.896,38.04,39.379,36.346,84.489
12.103,25.498,29.921,41.233,62.07,83.455,18.759,18.093,87.87,89.354,0.0,89.447,10.877,38.169,89.147,12.45,60.361,23.452,6.982,51.837,23.125,20.705,61.643,59.651,66.95,68.501,38.102,62.137,66.816,91.529,31.186,60.392,20.635,57.369,89.264,52.15,80.533,17.035,83.576,62.039,34.539,61.591,40.808,44.374,66.389,56.892,70.309,38.739,43.356,13.869,85.396,19.155,36.549,44.171,47.319,37.458,76.507,58.622,29.362,45.114,59.894,25.384,21.761,60.281,39.629,46.025,33.992,71.529,27.803,73.791,84.6,81.018,83.695,83.325,70.461,87.305,81.913,57.794,75.705,62.848,31.049,54.89,60.233,47.354,34.383,57.03,53.912,82.418,85.044,44.555,44.294,62.44,22.934,61.098,66.828,10.359,59.386,92.173,68.357,67.677,68.728,41.794,85.204,74.516,61.125,13.8,91.753,1.374,5.294,66.272,71.699,71.35,88.926,22.732,45.763,55.069,7.471,12.296,27.065,57.831,55.657,92.452,39.177,58.188,28.309,82.699,52.832,60.058,68.317,57.728,59.009,26.434,52.719,29.625,71.478,38.302,61.963,56.176,23.966,34.769,70.858,71.767,64.954,68.793,51.937,63.625,68.887,3.243,50.087,72.824,75.85,88.053,24.779,94.011,67.384,61.423,37.506,70.147,24.588,73.759,92.03,49.691,70.99,73.926,52.321,11.19,64.95,24.592,71.981,13.084,92.815,90.103,24.334,40.386,42.77,23.178,31.014,88.017,87.008,3.648,25.182,28.936,81.6,63.274,61.251,86.076,37.678,38.45,44.611,9.071,79.036,65.106,44.404,36.327,24.139,71.458,83.595,69.511,65.519,11.46
90.182,63.949,59.526,48.214,27.377,5.992,87.673,71.354,39.541,32.938,89.447,0.0,84.376,51.278,33.289,81.982,41.382,65.995,82.465,37.61,66.322,81.152,27.804,50.381,90.715,35.642,90.677,27.31,92.283,32.626,63.684,84.102,68.812,32.078,21.753,37.297,33.361,85.929,25.84,36.545,61.454,52.321,84.135,63.098,45.307,32.555,19.138,67.392,46.091,75.578,6.717,70.292,53.951,45.276,69.792,51.989,50.851,30.825,60.085,44.333,55.247,78.048,82.157,29.166,92.943,43.422,55.455,17.918,84.979,41.692,60.961,34.302,27.326,35.126,29.227,34.614,39.896,31.653,51.195,26.599,91.891,34.557,39.632,42.093,55.064,32.417,35.535,56.715,20.988,90.363,45.153,57.933,84.568,66.074,52.72,88.725,42.75,12.864,21.09,58.407,29.974,82.947,30.463,44.993,83.739,75.647,40.043,90.821,84.153,23.175,62.429,18.097,47.233,84.78,91.967,34.378,81.976,77.151,62.382,31.616,33.79,30.515,50.27,78.491,61.138,24.029,43.562,40.45,21.13,86.853,37.281,65.596,36.728,59.822,62.208,51.145,27.484,46.906,65.481,55.405,18.589,21.871,55.684,20.654,37.51,25.822,59.617,88.271,39.36,39.843,46.893,7.572,76.994,31.298,58.114,53.78,51.941,19.3,92.249,58.13,34.363,39.756,18.457,59.081,37.126,93.807,24.497,93.427,17.466,76.363,13.711,61.16,65.113,49.061,85.792,85.114,58.433,47.502,43.727,85.799,80.422,62.405,32.763,66.718,28.196,8.235,51.769,50.997,68.375,81.373,10.411,24.341,46.785,53.12,83.286,19.023,5.852,60.241,23.928,84.582
5.806,20.427,24.85,36.162,56.999,78.384,29.636,23.286,82.799,84.283,10.877,84.376,0.0,33.098,84.076,23.327,55.29,18.381,6.816,46.766,18.054,9.828,56.572,53.179,56.073,63.43,27.225,57.066,55.939,86.458,20.692,49.515,25.515,52.298,84.193,47.079,75.462,27.912,78.505,56.968,23.662,50.714,29.931,33.497,61.318,51.821,65.238,27.862,38.285,22.533,80.325,14.319,30.425,39.1,36.442,32.387,71.436,53.551,24.291,40.043,49.017,14.507,32.638,55.21,28.752,40.954,28.921,66.458,16.926,68.72,79.529,75.947,78.624,78.254,65.39,82.234,76.842,52.723,70.634,57.777,20.172,49.819,55.162,42.283,29.312,51.959,48.841,77.347,79.973,33.678,39.223,51.563,33.811,50.221,61.757,4.349,54.315,87.102,63.286,56.8,63.657,30.917,80.133,69.445,50.248,8.729,86.682,11.527,7.895,61.201,60.822,66.279,83.855,33.609,34.886,49.998,18.124,18.718,35.128,52.76,50.586,87.381,34.106,47.311,23.238,77.628,45.702,54.987,63.246,46.851,53.938,18.78,47.648,24.554,60.601,33.231,56.892,49.673,18.895,28.971,65.787,66.696,54.077,63.722,46.866,58.554,58.01,7.634,45.016,67.753,70.779,82.982,13.902,88.94,56.507,50.546,32.435,65.076,13.711,68.688,86.959,44.62,65.919,68.855,47.25,9.431,59.879,35.469,66.91,8.013,87.744,85.032,22.252,35.315,31.893,34.055,25.943,82.946,81.937,14.284,36.059,21.971,76.529,52.397,56.18,81.005,32.607,33.379,33.734,3.003,73.965,60.035,37.591,31.256,13.262,66.387,78.524,58.634,60.448,0.583
38.904,12.671,8.248,3.064,23.901,45.286,36.395,20.076,49.701,51.185,38.169,51.278,33.098,0.0,50.978,30.704,50.052,14.717,31.187,34.471,15.044,29.874,23.474,59.051,66.35,30.332,39.399,23.968,66.216,53.36,30.586,59.792,17.534,33.439,51.095,29.32,42.364,34.651,45.407,27.875,33.939,60.991,40.208,43.774,53.977,27.131,32.14,38.139,41.194,24.3,47.227,19.014,35.949,15.535,46.719,2.834,59.521,32.109,20.743,12.762,59.294,26.77,30.879,22.112,41.665,42.046,4.177,33.36,33.701,50.362,69.631,42.849,45.526,45.156,37.897,49.136,48.566,19.625,59.865,33.177,40.613,16.721,48.302,9.185,8.849,18.861,15.743,65.385,46.875,43.955,31.449,61.84,33.29,60.498,61.39,37.447,51.42,54.004,30.188,67.077,38.644,41.194,47.035,53.663,60.525,24.369,53.584,39.543,32.875,28.414,71.099,33.181,55.903,33.502,45.163,28.421,30.698,25.873,24.851,19.662,18.344,54.283,15.485,57.588,9.86,44.53,52.232,49.12,30.148,57.128,45.951,25.834,14.55,10.32,70.878,18.206,23.794,55.576,22.253,34.169,32.689,33.598,64.354,30.624,20.825,30.718,68.287,36.993,28.006,48.513,55.563,49.884,25.716,55.842,66.784,60.823,16.007,31.978,40.971,66.8,53.861,11.522,32.821,67.751,14.152,42.529,26.781,42.149,33.812,25.085,54.646,69.83,13.835,20.34,42.17,33.836,12.898,56.172,52.397,34.521,29.144,28.336,43.431,62.674,27.179,47.907,7.402,4.479,44.011,30.095,40.867,26.937,43.804,11.614,32.008,33.289,45.426,68.911,27.35,33.304
89.882,63.649,59.226,47.914,31.339,35.986,87.373,71.054,72.83,66.227,89.147,33.289,84.076,50.978,0.0,81.682,74.671,65.695,82.165,59.09,66.022,80.852,42.821,83.67,90.969,20.646,90.377,44.909,91.983,2.382,63.384,84.411,68.512,58.058,55.042,53.939,8.614,85.629,59.129,27.108,61.154,85.61,83.835,68.393,78.596,51.75,24.174,67.092,65.813,75.278,26.572,69.992,60.568,44.976,71.338,51.689,84.14,56.728,59.785,44.033,83.913,77.748,81.857,45.438,92.643,66.665,55.155,46.916,84.679,74.981,94.25,8.129,5.963,5.822,62.516,67.903,73.185,31.353,84.484,57.796,91.591,34.257,72.921,41.793,54.764,38.094,35.235,90.004,12.301,90.063,56.068,86.459,84.268,85.117,86.009,88.425,76.039,46.153,46.329,91.696,63.263,82.647,3.943,78.282,85.144,75.347,73.332,90.521,83.853,53.033,95.718,20.072,80.522,84.48,91.667,53.04,81.676,76.851,62.082,31.316,42.963,3.305,49.97,82.207,60.838,9.26,76.851,73.739,47.32,86.553,70.57,65.296,36.428,59.522,95.497,50.845,27.184,80.195,65.181,58.788,45.663,55.16,88.973,27.16,45.444,55.337,92.906,87.971,39.06,73.132,80.182,40.861,76.694,64.587,91.403,85.442,51.641,52.173,91.949,91.419,67.652,39.456,37.512,92.37,36.826,93.507,24.197,93.127,49.558,76.063,47.0,94.449,64.813,48.761,85.492,84.814,58.133,80.791,77.016,85.499,80.122,62.105,66.052,87.293,51.798,41.524,51.469,50.697,68.63,81.073,31.236,24.041,68.423,52.82,82.986,52.312,28.187,93.53,29.881,84.282
24.553,18.033,22.456,33.768,54.605,75.99,6.309,10.628,80.405,81.889,12.45,81.982,23.327,30.704,81.682,0.0,63.102,15.987,16.511,47.521,22.906,33.155,54.178,72.101,79.4,61.036,50.552,54.672,79.266,84.064,43.636,72.842,13.17,49.904,81.799,44.685,73.068,4.585,76.111,54.574,46.989,74.041,53.258,56.824,67.027,49.427,62.844,51.189,54.244,6.404,77.931,11.69,48.999,36.706,59.769,29.993,72.571,51.157,33.793,37.649,72.344,37.834,9.311,52.816,52.079,55.096,26.527,64.064,40.253,66.326,82.681,73.553,76.23,75.86,62.996,79.84,74.448,50.329,72.915,55.383,43.499,47.425,61.352,39.889,26.918,49.565,46.447,78.435,77.579,57.005,44.499,74.89,10.484,73.548,74.44,22.809,64.47,84.708,60.892,80.127,61.263,54.244,77.739,67.051,73.575,24.295,84.288,11.8,15.432,58.807,84.149,63.885,81.461,10.282,58.213,47.604,5.203,4.831,19.6,50.366,48.192,84.987,31.712,70.638,20.844,75.234,65.282,62.17,60.852,70.178,59.001,38.884,45.254,22.16,83.928,31.256,54.498,68.626,35.303,47.219,63.393,64.302,77.404,61.328,44.472,56.16,81.337,15.693,42.622,65.359,68.613,80.588,37.229,86.546,79.834,73.873,30.041,62.682,37.038,79.85,84.565,42.226,63.525,80.801,44.856,23.64,57.485,12.142,64.516,20.903,85.35,82.88,16.869,33.39,55.22,10.728,23.549,80.552,79.543,9.043,12.732,41.386,74.135,75.724,53.786,78.611,30.213,30.985,57.061,21.521,71.571,57.641,56.854,28.862,36.589,63.993,76.13,81.961,58.054,23.91
61.096,58.045,56.483,49.887,43.332,38.685,69.411,63.061,27.509,28.993,60.361,41.382,55.29,50.052,74.671,63.102,0.0,57.922,53.379,15.581,40.196,52.066,31.85,8.999,61.629,77.024,61.591,29.762,63.197,74.008,34.598,55.016,65.29,16.613,28.903,20.732,74.743,67.687,23.215,77.927,32.368,17.262,55.049,34.012,6.028,22.921,50.497,38.306,17.005,62.308,48.099,54.094,24.865,65.587,40.706,47.218,16.146,17.943,30.999,62.814,26.161,48.962,72.413,29.233,63.857,14.336,48.298,27.755,55.893,13.43,24.239,75.684,68.708,76.508,12.155,26.944,21.552,55.1,15.344,16.875,62.805,60.833,1.75,43.908,41.203,36.577,58.372,22.057,62.37,61.277,18.603,28.847,73.586,36.988,11.338,59.639,1.368,31.812,28.342,17.025,11.408,53.861,71.845,14.155,54.653,46.561,31.392,61.735,55.067,21.638,21.047,54.599,28.565,73.384,62.881,21.631,57.899,58.493,74.903,67.969,31.708,71.897,65.537,49.405,56.23,65.411,9.588,0.932,27.351,57.767,4.101,36.51,48.832,60.372,20.826,31.846,56.579,5.617,36.395,26.319,29.008,19.511,15.545,47.511,29.227,19.334,18.235,59.185,78.058,12.463,15.489,33.81,47.908,33.65,16.732,24.694,34.045,22.498,63.163,16.748,31.669,41.82,37.159,17.699,38.852,64.721,64.209,75.244,25.113,47.277,32.454,29.742,62.027,29.712,56.706,73.83,62.95,27.656,26.647,56.713,75.834,33.319,21.239,37.632,22.873,33.147,42.65,54.531,39.289,52.287,43.435,56.212,17.699,38.438,54.2,22.359,46.484,18.859,44.79,55.496
24.187,2.046,6.469,17.781,38.618,60.003,21.678,5.359,64.418,65.902,23.452,65.995,18.381,14.717,65.695,15.987,57.922,0.0,16.47,42.341,17.726,27.975,38.191,66.921,74.22,45.049,45.372,38.685,74.086,68.077,38.456,67.662,7.368,41.309,65.812,37.19,57.081,19.934,60.124,38.587,41.809,68.861,48.078,51.644,61.847,35.001,46.857,46.009,49.064,9.583,61.944,4.297,43.819,20.719,54.589,14.006,67.391,39.979,28.613,21.662,67.164,32.654,16.162,36.829,46.899,49.916,10.54,48.077,35.073,58.232,77.501,57.566,60.243,59.873,47.009,63.853,58.461,34.342,67.735,41.047,38.319,31.438,56.172,23.902,16.719,33.578,30.46,73.255,61.592,51.825,39.319,69.71,18.573,68.368,69.26,22.73,59.29,68.721,44.905,74.947,46.514,49.064,61.752,61.533,68.395,19.115,68.301,24.826,18.158,42.82,78.969,47.898,65.474,18.785,53.033,36.291,15.981,11.156,16.981,34.379,32.205,69.0,15.725,65.458,4.857,59.247,60.102,56.99,44.865,64.998,53.821,33.704,29.267,6.173,78.748,26.076,38.511,63.446,30.123,42.039,47.406,48.315,72.224,45.341,28.695,40.173,76.157,22.276,26.635,56.383,63.433,64.601,32.049,70.559,74.654,68.693,23.877,46.695,31.858,74.67,68.578,26.239,47.538,75.621,28.869,27.812,41.498,27.432,48.529,15.723,69.363,77.7,4.105,28.21,50.04,19.119,7.562,64.565,63.556,19.804,17.912,36.206,58.148,70.544,37.799,62.624,15.272,14.998,51.881,16.341,55.584,41.654,51.674,19.484,31.409,48.006,60.143,76.781,42.067,18.73
8.042,18.516,22.939,34.251,55.088,76.473,22.82,16.47,80.888,82.372,6.982,82.465,6.816,31.187,82.165,16.511,53.379,16.47,0.0,44.855,16.143,16.644,54.661,55.59,62.889,61.519,34.041,55.155,62.755,84.547,27.125,56.331,18.699,50.387,82.282,45.168,73.551,21.096,76.594,55.057,30.478,57.53,36.747,40.313,59.407,49.91,63.327,34.678,37.733,15.717,78.414,12.173,32.488,37.189,43.258,30.476,69.525,51.64,22.38,38.132,55.833,21.323,25.822,53.299,35.568,39.043,27.01,64.547,23.742,66.809,77.618,74.036,76.713,76.343,63.479,80.323,74.931,50.812,68.723,55.866,26.988,47.908,53.251,40.372,27.401,50.048,46.93,75.436,78.062,40.494,37.312,58.379,26.995,57.037,59.846,6.298,52.404,85.191,61.375,63.616,61.746,37.733,78.222,67.534,57.064,7.784,84.771,8.356,1.688,59.29,67.638,64.368,81.944,26.793,41.702,48.087,11.308,11.902,28.312,50.849,48.675,85.47,32.195,54.127,21.327,75.717,48.771,53.076,61.335,53.667,52.027,22.373,45.737,22.643,67.417,31.32,54.981,52.115,18.792,30.708,63.876,64.785,60.893,61.811,44.955,56.643,64.826,5.806,43.105,65.842,68.868,81.071,20.718,87.029,63.323,57.362,30.524,63.165,20.527,66.777,85.048,42.709,64.008,66.944,45.339,11.342,57.968,28.653,64.999,6.102,85.833,83.121,17.352,33.404,38.709,27.239,24.032,81.035,80.026,7.468,29.243,24.875,74.618,59.213,54.269,79.094,30.696,31.468,40.55,5.01,72.054,58.124,40.343,29.345,20.078,64.476,76.613,65.45,58.537,7.399
52.572,42.464,40.902,34.306,27.751,31.618,53.83,47.48,36.033,37.517,51.837,37.61,46.766,34.471,59.09,47.521,15.581,42.341,44.855,0.0,28.712,43.542,16.269,24.58,53.105,61.443,53.067,14.181,54.673,58.427,26.074,46.492,49.709,5.532,37.427,5.151,59.162,52.106,31.739,62.346,23.844,26.52,46.525,25.488,19.506,7.34,34.916,29.782,8.481,46.727,33.559,38.513,16.341,50.006,32.182,31.637,25.05,6.785,22.475,47.233,24.823,40.438,56.832,13.652,55.333,7.575,32.717,19.692,47.369,21.954,35.16,60.103,53.127,60.927,18.624,35.468,30.076,39.519,25.394,11.011,54.281,45.252,13.831,28.327,25.622,20.996,42.791,30.914,46.789,52.753,7.543,27.369,58.005,28.464,26.919,51.115,16.949,40.336,16.52,32.606,16.891,45.337,56.264,22.679,46.129,38.037,39.916,53.211,46.543,14.435,36.628,39.018,37.089,57.803,54.357,6.05,44.366,42.912,59.322,52.388,16.127,56.316,49.956,40.881,40.649,49.83,17.761,14.649,16.48,49.243,11.48,27.986,33.251,44.791,36.407,16.265,40.998,21.105,27.871,17.795,19.021,19.93,29.883,31.93,13.646,11.788,33.816,50.661,62.477,20.987,24.013,36.216,39.384,42.174,32.313,26.352,18.464,18.31,54.639,32.329,40.193,26.239,21.578,33.28,23.271,56.197,48.628,59.663,20.144,38.753,40.978,38.266,46.446,14.131,48.182,58.249,47.369,36.18,35.171,48.189,60.253,24.795,29.763,29.108,9.414,34.239,27.069,38.95,30.765,43.763,27.854,40.631,9.333,22.857,45.676,19.621,31.758,34.44,29.209,46.972
23.86,17.849,16.287,18.108,38.945,60.33,29.215,22.865,64.745,66.229,23.125,66.322,18.054,15.044,66.022,22.906,40.196,17.726,16.143,28.712,0.0,14.83,38.518,49.195,56.494,45.376,27.646,39.012,56.36,68.404,20.73,49.936,25.094,34.244,66.139,29.025,57.408,27.491,60.451,38.914,24.083,51.135,30.352,33.918,44.121,33.767,47.184,28.283,31.338,22.112,62.271,13.898,26.093,25.391,36.863,14.333,53.382,35.497,10.887,22.618,49.438,14.928,32.217,37.156,29.173,32.19,10.867,48.404,18.657,50.666,61.475,57.893,60.57,60.2,47.336,64.18,58.788,34.669,52.58,39.723,25.569,31.765,38.446,24.229,11.258,33.905,30.787,59.293,61.919,34.099,21.593,51.984,33.39,50.642,51.534,22.403,41.564,69.048,45.232,57.221,45.603,31.338,62.079,51.391,50.669,9.325,68.628,24.499,17.831,43.147,61.243,48.225,65.801,33.188,35.307,31.944,17.703,18.297,34.707,34.706,32.532,69.327,25.341,47.732,16.034,59.574,42.376,39.264,45.192,47.272,36.095,15.978,29.594,20.176,61.022,15.177,38.838,45.72,12.397,24.313,47.733,48.642,54.498,45.668,28.812,40.5,58.431,21.949,37.862,49.699,52.725,64.928,14.323,70.886,56.928,50.967,14.381,47.022,25.927,56.944,68.905,26.566,47.865,57.895,29.196,27.485,41.825,35.048,48.856,10.041,69.69,66.978,21.831,17.261,32.314,33.634,22.754,64.892,63.883,19.477,35.638,18.48,58.475,52.818,38.126,62.951,14.553,15.325,34.155,15.051,55.911,41.981,33.948,13.202,16.964,48.333,60.47,59.055,42.394,18.26
9.03,28.098,26.536,32.938,53.775,75.16,39.464,33.114,79.575,81.059,20.705,81.152,9.828,29.874,80.852,33.155,52.066,27.975,16.644,43.542,14.83,0.0,53.348,49.955,46.245,60.206,17.397,53.842,46.111,83.234,17.468,39.687,35.343,49.074,80.969,43.855,72.238,37.74,75.281,53.744,19.698,40.886,20.103,23.669,58.094,48.597,62.014,18.034,35.061,32.361,77.101,24.147,27.201,35.876,26.614,29.163,68.212,50.327,21.067,36.819,39.189,4.679,42.466,51.986,18.924,37.73,25.697,63.234,7.098,65.496,76.305,72.723,75.4,75.03,62.166,79.01,73.618,49.499,67.41,54.553,10.739,46.595,51.938,39.059,26.088,48.735,45.617,74.123,76.749,23.85,35.999,41.735,43.639,40.393,58.533,10.346,51.091,83.878,60.062,46.972,60.433,21.089,76.909,66.221,40.42,8.86,83.458,21.355,17.723,57.977,50.994,63.055,80.631,43.437,25.058,46.774,27.952,28.546,44.956,49.536,47.362,84.157,35.59,37.483,26.283,74.404,42.478,51.763,60.022,37.023,50.714,15.556,44.424,30.425,51.292,30.007,53.668,46.449,15.671,25.747,62.563,63.472,44.249,60.498,43.642,55.33,48.182,17.462,48.111,64.529,67.555,79.758,4.158,85.716,46.679,40.718,29.211,61.852,11.097,65.464,83.735,41.396,62.695,65.631,44.026,12.655,56.655,45.297,63.686,12.252,84.52,81.808,32.08,32.091,22.065,43.883,33.003,79.722,78.713,24.112,45.887,18.747,73.305,42.569,52.956,77.781,29.383,30.155,23.906,11.634,70.741,56.811,34.367,28.032,3.434,63.163,75.3,48.806,57.224,9.245
62.378,36.145,31.722,20.41,11.482,21.812,59.869,43.55,30.009,27.711,61.643,27.804,56.572,23.474,42.821,54.178,31.85,38.191,54.661,16.269,38.518,53.348,0.0,40.849,62.911,45.174,62.873,2.088,64.479,42.158,35.88,56.298,41.008,15.237,27.621,11.118,42.893,58.125,21.933,46.077,33.65,42.789,56.331,35.294,35.775,8.929,18.647,39.588,22.992,47.774,23.753,42.488,26.147,33.737,41.988,24.185,41.319,13.907,32.281,30.964,41.092,50.244,54.353,2.617,65.139,23.844,27.651,9.886,57.175,32.16,51.429,43.834,36.858,44.658,19.695,25.662,30.364,23.25,41.663,14.975,64.087,28.983,30.1,14.289,27.26,4.727,26.522,47.183,30.52,62.559,17.349,43.638,56.764,42.296,43.188,60.921,33.218,30.53,6.714,48.875,20.442,55.143,39.995,35.461,55.935,47.843,30.511,63.017,56.349,10.212,52.897,22.749,37.701,56.976,64.163,10.219,54.172,49.347,43.053,36.119,5.986,40.047,33.687,50.687,33.334,33.561,34.03,30.918,6.674,59.049,27.749,37.792,16.982,32.018,52.676,23.341,24.729,37.374,37.677,27.601,9.215,12.339,46.152,15.661,9.706,12.516,50.085,60.467,46.208,30.311,37.361,26.41,49.19,32.368,48.582,42.621,24.137,9.352,64.445,48.598,30.387,11.952,9.347,49.549,9.322,66.003,32.359,65.623,10.338,48.559,31.172,51.628,37.309,21.257,57.988,57.31,31.1,37.97,34.195,57.995,52.618,34.601,23.231,44.472,8.977,24.433,23.965,23.193,40.571,53.569,17.393,24.362,25.602,25.316,55.482,9.815,21.952,50.709,12.94,56.778
58.985,67.044,65.482,58.886,52.331,47.684,78.41,72.06,29.62,31.104,59.651,50.381,53.179,59.051,83.67,72.101,8.999,66.921,55.59,24.58,49.195,49.955,40.849,0.0,59.518,86.023,59.48,38.761,61.086,83.007,32.487,52.905,74.289,25.612,31.014,29.731,83.742,76.686,25.326,86.926,30.257,15.151,52.938,31.901,8.139,31.92,59.496,36.195,17.857,71.307,57.098,63.093,23.102,74.586,38.595,56.217,18.257,26.942,38.308,71.813,24.05,46.851,81.412,38.232,61.746,17.005,57.297,36.754,53.782,15.541,26.35,84.683,77.707,85.507,21.154,29.055,23.663,64.099,17.455,25.874,60.694,69.832,10.749,52.907,50.202,45.576,67.371,24.168,71.369,59.166,27.602,26.736,82.585,34.877,8.578,57.528,7.631,37.517,37.341,12.704,20.407,51.75,80.844,16.266,52.542,47.806,33.503,60.301,56.669,30.637,12.048,63.598,30.676,82.383,60.77,30.63,66.898,67.492,83.902,76.968,40.707,80.896,74.536,47.294,65.229,74.41,7.477,9.931,36.35,55.656,13.1,34.399,57.831,69.371,11.827,40.845,65.578,3.506,36.798,24.882,38.007,28.51,13.434,56.51,38.226,28.333,9.236,57.074,87.057,14.574,17.6,42.809,45.797,35.761,7.733,22.583,43.044,31.497,61.052,15.509,33.78,50.819,46.158,15.676,47.851,62.61,73.208,84.243,34.112,51.198,36.67,31.853,71.026,38.711,54.595,82.829,71.949,29.767,28.758,63.058,84.833,31.208,23.35,35.521,31.872,42.146,51.649,63.53,37.178,50.58,52.434,65.211,15.588,47.437,52.089,31.358,55.483,9.86,53.789,53.385
54.847,74.343,72.781,66.185,63.338,84.723,85.709,79.359,89.138,90.622,66.95,90.715,56.073,66.35,90.969,79.4,61.629,74.22,62.889,53.105,56.494,46.245,62.911,59.518,0.0,93.322,28.848,63.405,1.568,92.797,35.764,6.613,81.588,58.637,90.532,53.418,91.041,83.985,84.844,94.225,32.411,44.367,26.142,27.617,67.657,58.16,71.577,28.211,44.624,78.606,86.664,70.392,36.764,81.885,20.923,63.516,77.775,59.89,45.607,79.112,35.468,41.566,88.711,61.549,27.321,47.293,64.596,72.797,39.147,75.059,85.868,91.982,85.006,92.806,71.729,88.573,83.181,71.398,76.973,64.116,35.901,77.131,61.501,60.206,57.501,58.298,74.67,83.686,86.312,22.395,45.562,32.782,89.884,24.641,68.096,56.591,60.654,93.441,69.625,46.814,69.996,25.156,88.143,75.784,6.976,55.105,93.021,67.6,63.968,67.54,50.583,72.618,90.194,89.682,21.187,56.337,74.197,74.791,91.201,84.267,56.925,93.72,81.835,12.224,72.528,83.967,52.041,61.326,69.585,9.222,60.277,40.516,65.13,76.67,60.855,48.144,72.877,56.012,44.097,35.31,72.126,73.035,46.084,70.061,53.205,64.893,52.124,63.707,94.356,74.092,77.118,89.321,42.171,95.279,52.154,36.935,50.343,71.415,42.362,75.027,93.298,58.118,72.258,75.194,55.15,55.76,80.507,91.542,73.249,58.497,94.083,91.371,78.325,46.01,24.18,90.128,79.248,89.285,88.276,70.357,92.132,38.014,82.868,23.997,62.519,87.344,58.948,70.829,22.34,57.879,80.304,72.51,43.93,54.736,42.811,72.726,84.863,51.243,66.787,55.49
69.236,43.003,38.58,27.268,33.692,38.339,66.727,50.408,75.183,68.58,68.501,35.642,63.43,30.332,20.646,61.036,77.024,45.049,61.519,61.443,45.376,60.206,45.174,86.023,93.322,0.0,69.731,47.262,93.188,23.028,57.558,86.764,47.866,60.411,57.395,56.292,12.032,64.983,61.482,6.462,60.911,87.963,67.18,70.746,80.949,54.103,26.527,65.111,68.166,54.632,28.925,49.346,62.921,24.33,73.691,31.043,86.493,59.081,47.715,23.387,86.266,57.102,61.211,47.791,71.997,69.018,34.509,49.269,64.033,77.334,96.603,12.517,15.194,14.824,64.869,70.256,75.538,21.924,86.837,60.149,70.945,16.191,75.274,33.116,35.821,40.447,18.652,92.357,16.543,70.927,58.421,88.812,63.622,87.47,88.362,67.779,78.392,48.506,48.682,94.049,65.616,68.166,16.703,80.635,87.497,54.701,75.685,69.875,63.207,55.386,98.071,22.425,82.875,63.834,72.135,55.393,61.03,56.205,41.436,10.67,45.316,23.951,29.324,84.56,40.192,14.198,79.204,76.092,49.673,84.1,72.923,52.806,28.192,38.876,97.85,45.178,20.445,82.548,49.225,61.141,48.016,57.513,91.326,29.513,47.797,57.69,95.259,67.325,18.414,75.485,82.535,43.214,56.048,66.94,93.756,87.795,42.979,54.526,71.303,93.772,70.005,35.204,39.865,94.723,38.172,72.861,12.815,72.481,51.911,55.417,49.353,96.802,44.167,47.312,69.142,64.168,37.487,83.144,79.369,64.853,59.476,55.308,68.405,89.646,54.151,43.877,34.374,30.051,70.983,60.427,33.589,20.812,70.776,38.586,62.34,54.665,30.54,95.883,32.234,63.636
25.999,45.495,43.933,42.463,63.3,84.685,56.861,50.511,89.1,90.584,38.102,90.677,27.225,39.399,90.377,50.552,61.591,45.372,34.041,53.067,27.646,17.397,62.873,59.48,28.848,69.731,0.0,63.367,28.714,92.759,26.993,22.29,52.74,58.599,90.494,53.38,81.763,55.137,84.806,65.377,29.223,44.329,6.542,27.579,67.619,58.122,71.539,23.285,44.586,49.758,86.626,41.544,36.726,53.037,20.885,38.688,77.737,59.852,30.592,50.264,35.43,12.718,59.863,61.511,2.266,47.255,35.748,72.759,10.299,75.021,85.83,82.248,84.925,84.555,71.691,88.535,83.143,59.024,76.935,64.078,7.053,56.12,61.463,48.584,35.613,58.26,55.142,83.648,86.274,6.453,45.524,32.744,61.036,24.603,68.058,27.743,60.616,93.403,69.587,46.776,69.958,7.73,86.434,75.746,23.023,26.257,92.983,38.752,35.12,67.502,50.545,72.58,90.156,60.834,7.661,56.299,45.349,45.943,62.353,59.061,56.887,93.682,52.987,20.086,43.68,83.929,52.003,61.288,69.547,19.626,60.239,25.081,53.949,47.822,60.817,39.532,63.193,55.974,25.196,35.272,72.088,72.997,46.046,70.023,53.167,64.855,52.086,34.859,65.508,74.054,77.08,89.283,13.683,95.241,52.116,36.897,38.736,71.377,13.514,74.989,93.26,50.921,72.22,75.156,53.551,26.912,66.18,62.694,73.211,29.649,94.045,91.333,49.477,41.616,4.885,61.28,50.4,89.247,88.238,41.509,63.284,28.272,82.83,25.172,62.481,87.306,38.908,41.981,22.302,29.031,80.266,66.336,43.892,37.557,13.963,72.688,84.825,51.205,66.749,26.642
62.872,36.639,32.216,20.904,13.57,21.318,60.363,44.044,27.921,27.217,62.137,27.31,57.066,23.968,44.909,54.672,29.762,38.685,55.155,14.181,39.012,53.842,2.088,38.761,63.405,47.262,63.367,0.0,64.973,44.246,36.374,56.792,41.502,13.149,27.127,9.987,44.981,58.619,21.439,48.165,34.144,40.701,56.825,35.788,33.687,6.841,20.735,40.082,20.904,48.268,23.259,42.982,26.641,35.825,42.482,24.679,39.231,11.819,32.775,33.052,39.004,50.738,54.847,1.856,65.633,21.756,28.145,9.392,57.669,30.072,49.341,45.922,38.946,46.746,17.607,25.168,28.276,25.338,39.575,12.887,64.581,31.071,28.012,14.783,27.754,6.815,28.61,45.095,32.608,63.053,17.843,41.55,57.258,40.208,41.1,61.415,31.13,30.036,6.22,46.787,18.354,55.637,42.083,33.373,56.429,48.337,29.616,63.511,56.843,8.124,50.809,24.837,35.613,57.47,64.657,8.131,54.666,49.841,45.141,38.207,6.48,42.135,35.775,51.181,33.828,35.649,31.942,28.83,6.18,59.543,25.661,38.286,19.07,32.512,50.588,23.835,26.817,35.286,38.171,28.095,8.721,10.251,44.064,17.749,10.2,10.428,47.997,60.961,48.296,28.223,35.273,25.916,49.684,31.874,46.494,40.533,24.631,8.01,64.939,46.51,29.893,12.446,8.853,47.461,9.816,66.497,34.447,66.117,9.844,49.053,30.678,49.54,37.803,21.751,58.482,57.804,33.188,35.882,32.107,58.489,53.112,35.095,21.143,42.384,6.889,23.939,24.459,24.769,41.065,54.063,16.899,26.45,23.514,25.81,55.976,9.321,21.458,48.621,15.028,57.272
