0,1,2,3,4,5,6,7,8,9,10,11,12,13,14,15,16,17,18,19,20,21,22,23,24,25,26,27,28,29,30,31,32,33,34,35,36,37,38,39,40,41,42,43,44,45,46,47,48,49,50,51,52,53,54,55,56,57,58,59,60,61,62,63,64,65,66,67,68,69,70,71,72,73,74,75,76,77,78,79,80,81,82,83,84,85,86,87,88,89,90,91,92,93,94,95,96,97,98,99
0.0,0.581,0.604,0.639,0.533,0.268,0.277,0.388,1.54,0.828,0.76,0.293,0.4,0.313,0.218,0.399,0.317,0.86,0.223,0.437,0.595,0.262,0.049,0.517,0.491,0.35,0.886,1.175,0.469,0.711,0.615,0.528,0.502,1.049,0.889,0.801,1.224,0.271,0.773,0.796,0.867,0.242,0.375,0.212,0.215,1.145,0.592,0.73,1.124,0.398,0.557,0.439,0.071,0.872,0.696,0.62,0.353,0.14,0.865,1.049,0.512,0.416,0.669,0.218,0.239,0.48,0.98,0.568,0.509,0.285,0.294,0.045,0.517,0.187,1.06,0.723,0.97,0.018,0.8,0.918,0.612,0.346,1.493,0.216,0.208,0.22,0.388,0.236,0.204,0.641,1.432,1.527,0.377,0.255,0.731,0.471,0.472,0.962,0.406,0.99
0.581,0.0,0.936,0.675,0.315,0.711,0.434,0.758,1.755,1.294,0.833,0.538,0.405,0.287,0.673,0.243,0.556,0.877,0.559,0.153,0.768,0.34,0.628,0.07,0.183,0.451,1.063,1.514,0.297,0.966,0.035,0.981,0.21,1.063,0.885,1.066,0.979,0.715,0.924,0.534,1.024,0.495,0.913,0.464,0.47,0.916,0.351,1.048,1.39,0.189,0.707,0.147,0.532,0.878,0.541,0.756,0.892,0.644,1.075,1.031,0.524,0.171,0.79,0.43,0.372,0.922,0.736,0.083,0.946,0.317,0.409,0.619,0.263,0.474,1.063,0.67,0.664,0.564,0.515,0.857,0.804,0.435,1.694,0.385,0.774,0.379,0.429,0.644,0.763,0.065,1.611,1.695,0.874,0.417,1.218,0.553,0.852,0.928,0.219,1.371
0.604,0.936,0.0,0.317,0.693,0.853,0.57,0.25,1.381,0.562,1.262,0.822,0.607,0.655,0.805,0.753,0.455,1.353,0.444,0.822,0.215,0.646,0.569,0.883,0.824,0.56,1.401,0.845,0.708,0.137,0.959,0.904,0.827,1.529,1.381,0.288,0.914,0.366,1.297,0.446,1.382,0.778,0.518,0.758,0.756,0.739,0.658,1.255,0.972,0.797,0.291,0.831,0.534,1.366,0.457,1.135,0.551,0.734,0.383,0.644,0.491,0.813,0.176,0.568,0.623,1.007,0.431,0.909,1.004,0.649,0.595,0.64,0.791,0.747,0.681,0.309,0.395,0.606,0.487,0.377,0.169,0.576,1.172,0.595,0.477,0.584,0.583,0.817,0.591,0.983,0.989,1.156,0.258,0.691,0.468,0.462,1.042,1.447,0.745,0.578
0.639,0.675,0.317,0.0,0.398,0.873,0.372,0.265,1.53,0.841,1.252,0.879,0.308,0.618,0.83,0.466,0.339,1.319,0.43,0.545,0.104,0.439,0.598,0.615,0.559,0.301,1.313,1.082,0.416,0.383,0.702,0.882,0.564,1.422,1.338,0.553,0.833,0.385,1.251,0.178,1.305,0.836,0.521,0.813,0.813,0.688,0.359,1.189,0.87,0.516,0.089,0.554,0.572,1.327,0.145,1.15,0.555,0.764,0.592,0.613,0.182,0.533,0.143,0.428,0.402,0.988,0.419,0.648,0.981,0.535,0.353,0.672,0.506,0.796,0.669,0.096,0.394,0.642,0.182,0.358,0.15,0.304,1.349,0.512,0.492,0.594,0.283,0.845,0.608,0.728,1.168,1.325,0.267,0.753,0.754,0.182,1.032,1.381,0.55,0.835
0.533,0.315,0.693,0.398,0.0,0.749,0.274,0.465,1.676,1.135,1.111,0.803,0.148,0.547,0.712,0.139,0.244,1.158,0.325,0.215,0.498,0.352,0.488,0.26,0.446,0.201,1.102,1.344,0.068,0.746,0.347,0.718,0.472,1.202,1.168,0.884,0.883,0.411,1.074,0.279,1.103,0.761,0.617,0.733,0.737,0.781,0.062,0.992,1.128,0.159,0.425,0.174,0.471,1.161,0.256,1.03,0.593,0.651,0.909,0.899,0.22,0.162,0.532,0.333,0.311,0.826,0.523,0.346,0.816,0.456,0.257,0.562,0.114,0.707,0.943,0.403,0.476,0.539,0.285,0.654,0.54,0.204,1.552,0.424,0.469,0.511,0.16,0.732,0.483,0.376,1.409,1.535,0.594,0.683,1.057,0.248,0.88,1.194,0.486,1.143
0.268,0.711,0.853,0.873,0.749,0.0,0.523,0.645,1.403,0.864,0.54,0.352,0.635,0.485,0.055,0.62,0.568,0.673,0.481,0.574,0.838,0.443,0.314,0.652,0.646,0.592,0.778,1.004,0.689,0.954,0.745,0.362,0.657,0.987,0.716,1.04,1.418,0.532,0.587,1.004,0.729,0.372,0.385,0.346,0.372,1.343,0.805,0.64,1.045,0.595,0.799,0.578,0.335,0.692,0.915,0.372,0.352,0.131,1.099,1.265,0.747,0.589,0.907,0.469,0.484,0.321,1.184,0.707,0.352,0.453,0.537,0.234,0.724,0.287,1.276,0.949,1.166,0.263,1.004,1.137,0.855,0.587,1.397,0.386,0.426,0.395,0.626,0.087,0.305,0.767,1.388,1.466,0.638,0.438,0.96,0.711,0.241,0.825,0.569,0.823
0.277,0.434,0.57,0.372,0.274,0.523,0.0,0.354,1.632,1.014,0.949,0.562,0.129,0.281,0.479,0.194,0.13,1.019,0.133,0.286,0.375,0.097,0.231,0.367,0.328,0.075,0.993,1.293,0.207,0.614,0.468,0.64,0.337,1.117,1.036,0.743,1.001,0.305,0.932,0.545,0.987,0.514,0.533,0.485,0.488,0.913,0.335,0.856,1.153,0.249,0.304,0.291,0.208,1.025,0.437,0.841,0.51,0.409,0.762,0.809,0.242,0.267,0.405,0.06,0.065,0.638,0.737,0.414,0.63,0.186,0.027,0.31,0.264,0.459,0.821,0.461,0.732,0.282,0.551,0.667,0.417,0.071,1.546,0.154,0.373,0.245,0.116,0.498,0.364,0.496,1.441,1.55,0.487,0.427,0.924,0.198,0.69,1.08,0.239,1.103
0.388,0.758,0.25,0.265,0.465,0.645,0.354,0.0,1.5,0.757,1.085,0.649,0.383,0.477,0.597,0.541,0.228,1.174,0.223,0.625,0.223,0.445,0.346,0.698,0.653,0.337,1.195,1.056,0.487,0.379,0.787,0.673,0.66,1.332,1.2,0.506,1.038,0.123,1.1,0.434,1.179,0.602,0.271,0.577,0.577,0.912,0.424,1.04,0.887,0.592,0.177,0.63,0.318,1.185,0.323,0.96,0.306,0.524,0.588,0.814,0.254,0.609,0.307,0.356,0.415,0.788,0.667,0.736,0.783,0.459,0.38,0.424,0.572,0.558,0.838,0.359,0.642,0.392,0.437,0.609,0.245,0.354,1.366,0.395,0.235,0.393,0.359,0.613,0.357,0.812,1.226,1.366,0.139,0.513,0.662,0.226,0.834,1.261,0.57,0.82
1.54,1.755,1.381,1.53,1.676,1.403,1.632,1.5,0.0,1.004,1.097,1.55,1.647,1.651,1.442,1.697,1.589,0.912,1.58,1.72,1.487,1.657,1.528,1.739,1.716,1.63,1.295,0.728,1.682,1.334,1.761,1.194,1.716,1.715,0.99,1.202,0.83,1.516,0.904,1.572,1.186,1.568,1.386,1.564,1.574,1.086,1.662,0.958,0.931,1.712,1.522,1.723,1.573,0.95,1.584,1.273,1.393,1.479,1.151,1.032,1.604,1.717,1.465,1.629,1.65,1.177,1.403,1.745,1.159,1.654,1.642,1.516,1.708,1.547,0.96,1.521,1.487,1.547,1.588,1.341,1.465,1.635,0.563,1.635,1.473,1.626,1.639,1.452,1.459,1.768,1.052,0.846,1.436,1.61,1.061,1.593,1.208,1.205,1.688,0.929
0.828,1.294,0.562,0.841,1.135,0.864,1.014,0.757,1.004,0.0,1.284,0.858,1.056,1.047,0.811,1.169,0.926,1.411,0.906,1.215,0.751,1.065,0.804,1.256,1.192,1.014,1.556,0.503,1.142,0.501,1.308,0.983,1.191,1.715,1.454,0.317,0.841,0.781,1.381,0.954,1.517,0.888,0.601,0.88,0.897,0.601,1.112,1.379,1.204,1.201,0.813,1.226,0.89,1.432,0.959,1.126,0.626,0.741,0.264,0.523,0.975,1.213,0.722,1.005,1.052,1.069,0.688,1.266,1.074,1.054,1.036,0.786,1.209,0.848,0.577,0.838,0.833,0.841,0.988,0.565,0.713,1.026,0.734,1.015,0.703,0.994,1.036,0.815,0.682,1.327,1.093,0.88,0.639,0.964,0.099,0.948,1.084,1.557,1.126,0.718
0.76,0.833,1.262,1.252,1.111,0.54,0.949,1.085,1.097,1.284,0.0,0.533,1.033,0.701,0.584,0.998,1.001,0.207,0.931,0.919,1.235,0.869,0.804,0.862,0.734,1.006,0.729,0.852,1.061,1.339,0.802,0.495,0.739,0.999,0.296,1.41,1.672,0.991,0.311,1.335,0.612,0.543,0.888,0.556,0.549,1.616,1.16,0.487,0.888,0.969,1.199,0.95,0.809,0.254,1.268,0.194,0.859,0.65,1.453,1.569,1.137,0.962,1.289,0.904,0.908,0.371,1.488,0.782,0.372,0.783,0.956,0.735,1.075,0.587,1.579,1.308,1.463,0.753,1.33,1.465,1.252,1.0,1.172,0.823,0.911,0.751,1.03,0.565,0.81,0.8,1.286,1.318,1.091,0.591,1.356,1.113,0.327,0.516,0.728,0.759
0.293,0.538,0.822,0.879,0.803,0.352,0.562,0.649,1.55,0.858,0.533,0.0,0.678,0.289,0.298,0.68,0.595,0.679,0.508,0.604,0.833,0.487,0.336,0.554,0.38,0.63,1.025,1.231,0.745,0.91,0.508,0.692,0.353,1.104,0.738,0.972,1.326,0.544,0.779,1.027,0.96,0.051,0.513,0.082,0.079,1.273,0.856,0.924,1.279,0.658,0.804,0.645,0.363,0.711,0.939,0.373,0.496,0.251,1.023,1.18,0.777,0.654,0.895,0.506,0.527,0.653,1.163,0.466,0.682,0.384,0.578,0.257,0.79,0.109,1.184,0.953,1.167,0.289,1.032,1.098,0.844,0.627,1.555,0.417,0.435,0.328,0.667,0.267,0.358,0.514,1.552,1.611,0.628,0.142,0.872,0.737,0.578,0.865,0.348,1.088
0.4,0.405,0.607,0.308,0.148,0.635,0.129,0.383,1.647,1.056,1.033,0.678,0.0,0.406,0.594,0.166,0.159,1.094,0.183,0.257,0.409,0.207,0.354,0.338,0.302,0.054,1.056,1.306,0.109,0.656,0.437,0.641,0.327,1.169,1.108,0.791,0.909,0.332,1.009,0.424,1.053,0.632,0.553,0.604,0.607,0.814,0.209,0.931,1.129,0.221,0.337,0.263,0.333,1.099,0.312,0.937,0.529,0.527,0.813,0.795,0.131,0.239,0.442,0.188,0.165,0.735,0.625,0.383,0.726,0.313,0.111,0.432,0.202,0.579,0.838,0.338,0.617,0.405,0.43,0.557,0.452,0.058,1.541,0.281,0.396,0.37,0.025,0.613,0.384,0.466,1.416,1.535,0.515,0.548,0.971,0.16,0.788,1.145,0.342,1.108
0.313,0.287,0.655,0.618,0.547,0.485,0.281,0.477,1.651,1.047,0.701,0.289,0.406,0.0,0.436,0.415,0.315,0.779,0.275,0.339,0.568,0.204,0.36,0.29,0.187,0.353,1.011,1.36,0.483,0.682,0.322,0.802,0.197,1.047,0.799,0.784,1.116,0.438,0.819,0.785,0.959,0.239,0.667,0.208,0.212,1.056,0.603,0.955,1.311,0.395,0.537,0.383,0.254,0.787,0.687,0.584,0.647,0.395,0.791,0.951,0.509,0.391,0.635,0.223,0.246,0.753,0.933,0.27,0.779,0.097,0.299,0.357,0.539,0.212,0.956,0.699,0.942,0.295,0.794,0.858,0.58,0.35,1.617,0.13,0.51,0.094,0.393,0.406,0.508,0.35,1.565,1.642,0.601,0.15,0.953,0.466,0.679,0.863,0.097,1.209
0.218,0.673,0.805,0.83,0.712,0.055,0.479,0.597,1.442,0.811,0.584,0.298,0.594,0.436,0.0,0.583,0.523,0.71,0.434,0.534,0.793,0.399,0.263,0.612,0.602,0.549,0.8,1.053,0.652,0.906,0.707,0.414,0.613,0.991,0.75,0.992,1.378,0.483,0.623,0.968,0.754,0.318,0.333,0.292,0.318,1.304,0.769,0.676,1.076,0.558,0.755,0.542,0.286,0.727,0.877,0.422,0.299,0.079,1.052,1.221,0.705,0.553,0.863,0.424,0.441,0.372,1.147,0.667,0.403,0.405,0.494,0.183,0.69,0.233,1.232,0.908,1.131,0.213,0.969,1.095,0.81,0.545,1.428,0.338,0.375,0.345,0.584,0.031,0.253,0.731,1.409,1.489,0.588,0.386,0.908,0.668,0.293,0.849,0.523,0.874
0.399,0.243,0.753,0.466,0.139,0.62,0.194,0.541,1.697,1.169,0.998,0.68,0.166,0.415,0.583,0.0,0.322,1.048,0.323,0.092,0.565,0.215,0.394,0.174,0.315,0.213,0.991,1.396,0.071,0.797,0.277,0.769,0.342,1.095,1.059,0.921,0.882,0.49,0.96,0.407,0.992,0.635,0.699,0.606,0.611,0.796,0.2,0.876,1.221,0.055,0.495,0.098,0.335,1.051,0.326,0.914,0.676,0.519,0.939,0.914,0.295,0.074,0.594,0.195,0.173,0.707,0.592,0.222,0.732,0.321,0.168,0.429,0.132,0.578,0.953,0.467,0.592,0.404,0.415,0.696,0.605,0.196,1.602,0.288,0.55,0.377,0.191,0.603,0.536,0.307,1.486,1.595,0.667,0.555,1.089,0.324,0.757,1.086,0.354,1.215
0.317,0.556,0.455,0.339,0.244,0.568,0.13,0.228,1.589,0.926,1.001,0.595,0.159,0.315,0.523,0.322,0.0,1.078,0.095,0.412,0.294,0.226,0.271,0.491,0.451,0.111,1.068,1.213,0.265,0.506,0.588,0.577,0.459,1.197,1.098,0.646,1.02,0.176,0.995,0.512,1.058,0.548,0.41,0.52,0.522,0.92,0.294,0.924,1.061,0.376,0.252,0.417,0.247,1.086,0.401,0.887,0.386,0.451,0.669,0.818,0.204,0.394,0.374,0.134,0.194,0.693,0.72,0.536,0.686,0.244,0.156,0.351,0.354,0.496,0.834,0.43,0.707,0.321,0.516,0.653,0.313,0.129,1.487,0.191,0.246,0.281,0.134,0.541,0.278,0.616,1.369,1.49,0.363,0.46,0.834,0.16,0.743,1.148,0.363,1.006
0.86,0.877,1.353,1.319,1.158,0.673,1.019,1.174,0.912,1.411,0.207,0.679,1.094,0.779,0.71,1.048,1.078,0.0,1.014,0.968,1.313,0.937,0.905,0.908,0.82,1.073,0.566,1.029,1.111,1.428,0.86,0.654,0.836,0.928,0.093,1.502,1.739,1.084,0.104,1.385,0.431,0.684,1.01,0.66,0.679,1.68,1.207,0.285,0.698,1.017,1.274,0.996,0.9,0.049,1.324,0.388,0.981,0.767,1.544,1.647,1.2,1.009,1.365,0.977,0.976,0.534,1.545,0.843,0.537,0.856,1.023,0.842,1.117,0.694,1.659,1.372,1.511,0.853,1.378,1.534,1.331,1.066,0.989,0.899,1.017,0.833,1.093,0.69,0.924,0.875,1.138,1.161,1.191,0.717,1.469,1.18,0.488,0.335,0.796,0.931
0.223,0.559,0.444,0.43,0.325,0.481,0.133,0.223,1.58,0.906,0.931,0.508,0.183,0.275,0.434,0.323,0.095,1.014,0.0,0.414,0.386,0.23,0.177,0.494,0.458,0.13,1.012,1.211,0.266,0.515,0.592,0.536,0.466,1.15,1.037,0.626,1.081,0.173,0.93,0.6,1.0,0.459,0.409,0.43,0.433,0.988,0.386,0.859,1.088,0.377,0.344,0.418,0.152,1.023,0.492,0.81,0.386,0.36,0.687,0.887,0.298,0.395,0.464,0.137,0.198,0.614,0.8,0.541,0.607,0.25,0.16,0.258,0.353,0.406,0.901,0.52,0.789,0.228,0.604,0.734,0.404,0.132,1.495,0.181,0.243,0.187,0.171,0.452,0.237,0.619,1.395,1.507,0.358,0.369,0.812,0.254,0.664,1.093,0.37,1.011
0.437,0.153,0.822,0.545,0.215,0.574,0.286,0.625,1.72,1.215,0.919,0.604,0.257,0.339,0.534,0.092,0.412,0.968,0.414,0.0,0.642,0.189,0.485,0.083,0.24,0.304,0.952,1.444,0.148,0.86,0.188,0.856,0.267,1.011,0.978,0.973,0.91,0.577,0.877,0.472,0.911,0.56,0.784,0.53,0.535,0.835,0.275,0.932,1.296,0.057,0.576,0.046,0.385,0.97,0.408,0.836,0.762,0.503,0.986,0.952,0.382,0.054,0.668,0.281,0.221,0.796,0.639,0.139,0.82,0.243,0.26,0.476,0.209,0.501,0.988,0.544,0.645,0.419,0.48,0.754,0.681,0.287,1.643,0.235,0.638,0.299,0.282,0.523,0.625,0.218,1.543,1.64,0.747,0.479,1.135,0.412,0.724,1.004,0.278,1.28
0.595,0.768,0.215,0.104,0.498,0.838,0.375,0.223,1.487,0.751,1.235,0.833,0.409,0.568,0.793,0.565,0.294,1.313,0.386,0.642,0.0,0.459,0.556,0.71,0.654,0.362,1.325,1.013,0.515,0.281,0.794,0.862,0.659,1.443,1.335,0.454,0.891,0.343,1.247,0.238,1.313,0.788,0.486,0.766,0.766,0.74,0.459,1.191,0.88,0.613,0.078,0.651,0.526,1.322,0.248,1.123,0.521,0.724,0.494,0.641,0.286,0.63,0.086,0.381,0.433,0.969,0.462,0.741,0.963,0.486,0.401,0.63,0.603,0.751,0.671,0.138,0.434,0.598,0.281,0.403,0.046,0.379,1.304,0.464,0.453,0.545,0.385,0.807,0.569,0.82,1.127,1.285,0.227,0.703,0.66,0.256,1.011,1.387,0.572,0.761
0.262,0.34,0.646,0.439,0.352,0.443,0.097,0.445,1.657,1.065,0.869,0.487,0.207,0.204,0.399,0.215,0.226,0.937,0.23,0.189,0.459,0.0,0.31,0.271,0.235,0.153,0.907,1.347,0.286,0.684,0.374,0.734,0.245,1.03,0.954,0.801,1.014,0.399,0.848,0.612,0.901,0.439,0.625,0.409,0.413,0.939,0.412,0.857,1.233,0.194,0.391,0.194,0.205,0.943,0.507,0.763,0.603,0.34,0.815,0.833,0.318,0.191,0.486,0.093,0.043,0.678,0.786,0.321,0.705,0.108,0.097,0.305,0.344,0.382,0.842,0.526,0.788,0.244,0.62,0.712,0.499,0.15,1.59,0.075,0.467,0.166,0.194,0.418,0.459,0.403,1.503,1.6,0.574,0.352,0.975,0.274,0.608,0.996,0.145,1.174
0.049,0.628,0.569,0.598,0.488,0.314,0.231,0.346,1.528,0.804,0.804,0.336,0.354,0.36,0.263,0.394,0.271,0.905,0.177,0.485,0.556,0.31,0.0,0.564,0.537,0.304,0.933,1.147,0.423,0.679,0.661,0.48,0.547,1.096,0.934,0.776,1.214,0.226,0.819,0.757,0.913,0.286,0.329,0.256,0.259,1.127,0.547,0.754,1.081,0.447,0.516,0.487,0.108,0.917,0.655,0.664,0.307,0.186,0.842,1.032,0.468,0.464,0.632,0.219,0.278,0.468,0.95,0.614,0.463,0.333,0.248,0.082,0.471,0.231,1.046,0.684,0.937,0.067,0.76,0.889,0.574,0.3,1.47,0.264,0.16,0.268,0.343,0.282,0.156,0.687,1.399,1.5,0.337,0.301,0.707,0.427,0.518,1.007,0.453,0.954
0.517,0.07,0.883,0.615,0.26,0.652,0.367,0.698,1.739,1.256,0.862,0.554,0.338,0.29,0.612,0.174,0.491,0.908,0.494,0.083,0.71,0.271,0.564,0.0,0.193,0.384,1.02,1.484,0.229,0.916,0.105,0.929,0.22,1.022,0.917,1.02,0.941,0.653,0.876,0.505,0.98,0.51,0.856,0.479,0.485,0.874,0.318,1.001,1.353,0.12,0.647,0.094,0.466,0.91,0.48,0.781,0.835,0.582,1.031,0.99,0.459,0.102,0.733,0.363,0.304,0.869,0.685,0.092,0.893,0.249,0.341,0.555,0.255,0.45,1.023,0.611,0.67,0.5,0.515,0.807,0.747,0.367,1.673,0.318,0.714,0.311,0.362,0.583,0.702,0.135,1.585,1.673,0.817,0.43,1.177,0.488,0.798,0.941,0.23,1.332
0.491,0.183,0.824,0.559,0.446,0.646,0.328,0.653,1.716,1.192,0.734,0.38,0.302,0.187,0.602,0.315,0.451,0.82,0.458,0.24,0.654,0.235,0.537,0.193,0.0,0.343,1.08,1.461,0.382,0.849,0.153,0.936,0.028,1.096,0.859,0.945,0.982,0.616,0.918,0.677,1.035,0.332,0.83,0.331,0.306,0.926,0.502,1.045,1.385,0.296,0.594,0.286,0.436,0.843,0.578,0.638,0.811,0.566,0.95,0.898,0.412,0.293,0.673,0.326,0.266,0.884,0.814,0.101,0.909,0.215,0.302,0.533,0.443,0.389,0.929,0.585,0.83,0.474,0.687,0.734,0.69,0.327,1.674,0.283,0.683,0.28,0.32,0.572,0.679,0.171,1.613,1.688,0.773,0.247,1.106,0.442,0.813,0.94,0.091,1.321
0.35,0.451,0.56,0.301,0.201,0.592,0.075,0.337,1.63,1.014,1.006,0.63,0.054,0.353,0.549,0.213,0.111,1.073,0.13,0.304,0.362,0.153,0.304,0.384,0.343,0.0,1.044,1.281,0.156,0.608,0.484,0.612,0.352,1.164,1.089,0.743,0.96,0.286,0.988,0.476,1.039,0.583,0.513,0.555,0.558,0.866,0.262,0.912,1.118,0.268,0.289,0.309,0.281,1.079,0.366,0.903,0.489,0.48,0.765,0.761,0.169,0.286,0.394,0.134,0.111,0.702,0.677,0.43,0.694,0.259,0.057,0.383,0.247,0.53,0.788,0.392,0.669,0.355,0.482,0.607,0.404,0.018,1.529,0.228,0.353,0.318,0.041,0.568,0.343,0.512,1.411,1.528,0.47,0.497,0.926,0.124,0.754,1.131,0.288,1.082
0.886,1.063,1.401,1.313,1.102,0.778,0.993,1.195,1.295,1.556,0.729,1.025,1.056,1.011,0.8,0.991,1.068,0.566,1.012,0.952,1.325,0.907,0.933,1.02,1.08,1.044,0.0,1.305,1.056,1.479,1.095,0.823,1.097,0.675,0.484,1.577,1.804,1.105,0.464,1.354,0.151,1.02,1.09,0.993,1.011,1.728,1.153,0.385,0.637,0.956,1.276,0.935,0.909,0.523,1.294,0.851,1.06,0.824,1.62,1.716,1.173,0.946,1.379,0.956,0.945,0.712,1.551,1.087,0.721,0.956,0.993,0.879,1.049,0.946,1.736,1.363,1.494,0.877,1.34,1.561,1.35,1.035,0.999,0.901,1.061,0.939,1.059,0.828,0.98,1.107,0.644,0.734,1.236,1.032,1.587,1.16,0.659,0.247,1.043,1.17
1.175,1.514,0.845,1.082,1.344,1.004,1.293,1.056,0.728,0.503,0.852,1.231,1.306,1.36,1.053,1.396,1.213,1.029,1.211,1.444,1.013,1.347,1.147,1.484,1.461,1.281,1.305,0.0,1.361,0.769,1.529,0.715,1.464,1.614,1.097,0.587,1.194,1.096,0.997,1.141,1.228,1.253,0.911,1.243,1.259,0.967,1.314,1.013,0.846,1.424,1.074,1.446,1.219,1.062,1.168,0.887,0.927,1.099,0.68,0.925,1.219,1.434,0.973,1.294,1.329,0.721,0.871,1.505,0.696,1.353,1.308,1.141,1.405,1.212,0.98,1.061,0.997,1.186,1.168,0.78,0.977,1.291,0.534,1.316,1.042,1.312,1.292,1.072,1.038,1.542,0.816,0.608,0.953,1.309,0.582,1.204,0.773,1.272,1.415,0.278
0.469,0.297,0.708,0.416,0.068,0.689,0.207,0.487,1.682,1.142,1.061,0.745,0.109,0.483,0.652,0.071,0.265,1.111,0.266,0.148,0.515,0.286,0.423,0.229,0.382,0.156,1.056,1.361,0.0,0.757,0.33,0.709,0.408,1.158,1.121,0.89,0.872,0.434,1.024,0.344,1.056,0.701,0.643,0.673,0.677,0.777,0.13,0.942,1.165,0.112,0.443,0.154,0.405,1.114,0.274,0.977,0.619,0.589,0.912,0.896,0.24,0.131,0.548,0.266,0.244,0.77,0.541,0.282,0.76,0.39,0.189,0.499,0.093,0.646,0.937,0.419,0.536,0.474,0.35,0.661,0.557,0.139,1.572,0.358,0.493,0.446,0.134,0.671,0.478,0.359,1.44,1.559,0.615,0.621,1.062,0.269,0.824,1.148,0.421,1.169
0.711,0.966,0.137,0.383,0.746,0.954,0.614,0.379,1.334,0.501,1.339,0.91,0.656,0.682,0.906,0.797,0.506,1.428,0.515,0.86,0.281,0.684,0.679,0.916,0.849,0.608,1.479,0.769,0.757,0.0,0.986,1.012,0.85,1.598,1.455,0.188,0.819,0.489,1.379,0.514,1.461,0.868,0.642,0.851,0.847,0.623,0.714,1.343,1.082,0.839,0.355,0.871,0.642,1.44,0.522,1.218,0.673,0.838,0.255,0.528,0.549,0.853,0.244,0.609,0.664,1.107,0.297,0.935,1.105,0.681,0.64,0.747,0.84,0.843,0.571,0.377,0.377,0.712,0.556,0.243,0.236,0.623,1.091,0.631,0.597,0.644,0.632,0.916,0.706,1.01,0.898,1.066,0.389,0.783,0.408,0.519,1.138,1.518,0.772,0.656
0.615,0.035,0.959,0.702,0.347,0.745,0.468,0.787,1.761,1.308,0.802,0.508,0.437,0.322,0.707,0.277,0.588,0.86,0.592,0.188,0.794,0.374,0.661,0.105,0.153,0.484,1.095,1.529,0.33,0.986,0.0,1.013,0.18,1.095,0.894,1.082,0.987,0.746,0.957,0.56,1.057,0.464,0.942,0.452,0.439,0.928,0.382,1.08,1.414,0.224,0.734,0.182,0.565,0.88,0.569,0.725,0.922,0.678,1.089,1.043,0.554,0.205,0.814,0.464,0.406,0.955,0.755,0.056,0.978,0.352,0.442,0.652,0.292,0.508,1.073,0.695,0.681,0.598,0.536,0.875,0.829,0.467,1.706,0.42,0.805,0.414,0.462,0.678,0.794,0.03,1.629,1.708,0.901,0.386,1.232,0.583,0.886,0.961,0.23,1.391
0.528,0.981,0.904,0.882,0.718,0.362,0.64,0.673,1.194,0.983,0.495,0.692,0.641,0.802,0.414,0.769,0.577,0.654,0.536,0.856,0.862,0.734,0.48,0.929,0.936,0.612,0.823,0.715,0.709,1.012,1.013,0.0,0.948,1.112,0.71,1.121,1.509,0.559,0.575,0.991,0.765,0.709,0.437,0.684,0.708,1.412,0.775,0.537,0.768,0.816,0.815,0.85,0.575,0.68,0.904,0.322,0.402,0.456,1.186,1.353,0.741,0.831,0.934,0.653,0.7,0.131,1.207,0.983,0.129,0.767,0.659,0.489,0.764,0.631,1.373,0.956,1.165,0.545,0.985,1.18,0.885,0.627,1.182,0.705,0.463,0.719,0.623,0.444,0.347,1.031,1.186,1.275,0.681,0.766,1.069,0.71,0.177,0.857,0.872,0.502
0.502,0.21,0.827,0.564,0.472,0.657,0.337,0.66,1.716,1.191,0.739,0.353,0.327,0.197,0.613,0.342,0.459,0.836,0.466,0.267,0.659,0.245,0.547,0.22,0.028,0.352,1.097,1.464,0.408,0.85,0.18,0.948,0.0,1.114,0.875,0.944,0.993,0.624,0.933,0.699,1.052,0.315,0.838,0.342,0.316,0.94,0.527,1.061,1.397,0.323,0.6,0.313,0.446,0.859,0.601,0.629,0.82,0.577,0.949,0.894,0.426,0.32,0.676,0.335,0.276,0.897,0.832,0.128,0.922,0.225,0.311,0.543,0.469,0.4,0.925,0.606,0.849,0.484,0.709,0.752,0.693,0.335,1.679,0.293,0.692,0.29,0.329,0.584,0.688,0.19,1.621,1.694,0.779,0.251,1.104,0.449,0.826,0.957,0.101,1.328
1.049,1.063,1.529,1.422,1.202,0.987,1.117,1.332,1.715,1.715,0.999,1.104,1.169,1.047,0.991,1.095,1.197,0.928,1.15,1.011,1.443,1.03,1.096,1.022,1.096,1.164,0.675,1.614,1.158,1.598,1.095,1.112,1.114,0.0,0.888,1.691,1.871,1.252,0.831,1.444,0.727,1.091,1.278,1.063,1.079,1.801,1.25,0.892,1.188,1.058,1.394,1.032,1.059,0.906,1.392,1.041,1.25,1.013,1.728,1.802,1.285,1.047,1.492,1.084,1.068,1.02,1.634,1.092,1.035,0.986,1.114,1.05,1.144,1.019,1.823,1.465,1.575,1.038,1.429,1.654,1.469,1.154,1.526,1.014,1.226,0.979,1.174,0.967,1.16,1.105,1.217,1.372,1.385,1.086,1.724,1.276,0.96,0.766,1.067,1.475
0.889,0.885,1.381,1.338,1.168,0.716,1.036,1.2,0.99,1.454,0.296,0.738,1.108,0.799,0.75,1.059,1.098,0.093,1.037,0.978,1.335,0.954,0.934,0.917,0.859,1.089,0.484,1.097,1.121,1.455,0.894,0.71,0.875,0.888,0.0,1.532,1.76,1.111,0.152,1.397,0.344,0.741,1.049,0.713,0.734,1.7,1.217,0.193,0.61,1.027,1.295,1.004,0.926,0.045,1.337,0.469,1.02,0.803,1.572,1.671,1.216,1.018,1.386,0.996,0.992,0.592,1.561,0.879,0.595,0.875,1.04,0.873,1.125,0.725,1.685,1.388,1.523,0.881,1.389,1.554,1.354,1.082,0.906,0.919,1.049,0.855,1.108,0.729,0.959,0.908,1.065,1.085,1.221,0.769,1.507,1.198,0.545,0.247,0.812,0.995
0.801,1.066,0.288,0.553,0.884,1.04,0.743,0.506,1.202,0.317,1.41,0.972,0.791,0.784,0.992,0.921,0.646,1.502,0.626,0.973,0.454,0.801,0.776,1.02,0.945,0.743,1.577,0.587,0.89,0.188,1.082,1.121,0.944,1.691,1.532,0.0,0.71,0.606,1.465,0.686,1.555,0.931,0.766,0.917,0.912,0.483,0.859,1.444,1.229,0.958,0.522,0.986,0.733,1.516,0.687,1.285,0.793,0.925,0.102,0.39,0.7,0.971,0.423,0.734,0.786,1.206,0.402,1.031,1.206,0.79,0.768,0.838,0.97,0.914,0.44,0.552,0.561,0.801,0.725,0.265,0.413,0.757,0.919,0.747,0.712,0.726,0.768,0.999,0.813,1.104,1.067,0.891,0.525,0.847,0.224,0.67,1.227,1.6,0.871,0.814
1.224,0.979,0.914,0.833,0.883,1.418,1.001,1.038,0.83,0.841,1.672,1.326,0.909,1.116,1.378,0.882,1.02,1.739,1.081,0.91,0.891,1.014,1.214,0.941,0.982,0.96,1.804,1.194,0.872,0.819,0.987,1.509,0.993,1.871,1.76,0.71,0.0,1.104,1.724,0.785,1.787,1.294,1.256,1.287,1.279,0.259,0.877,1.722,1.622,0.909,0.904,0.931,1.164,1.749,0.759,1.581,1.271,1.326,0.624,0.352,0.877,0.92,0.836,1.036,1.0,1.557,0.597,0.933,1.56,1.07,0.98,1.258,0.954,1.293,0.299,0.764,0.73,1.221,0.819,0.605,0.886,0.956,1.258,1.077,1.193,1.129,0.926,1.379,1.263,1.009,1.527,1.377,1.076,1.221,0.758,0.916,1.563,1.807,1.041,1.352
0.271,0.715,0.366,0.385,0.411,0.532,0.305,0.123,1.516,0.781,0.991,0.544,0.332,0.438,0.483,0.49,0.176,1.084,0.173,0.577,0.343,0.399,0.226,0.653,0.616,0.286,1.105,1.096,0.434,0.489,0.746,0.559,0.624,1.252,1.111,0.606,1.104,0.0,1.005,0.551,1.089,0.495,0.24,0.469,0.47,0.993,0.369,0.943,0.96,0.542,0.299,0.582,0.2,1.095,0.442,0.861,0.217,0.408,0.682,0.896,0.247,0.56,0.425,0.308,0.368,0.679,0.772,0.697,0.673,0.416,0.331,0.307,0.518,0.447,0.916,0.477,0.751,0.275,0.554,0.713,0.364,0.304,1.409,0.35,0.113,0.35,0.307,0.501,0.237,0.772,1.293,1.42,0.19,0.406,0.685,0.204,0.726,1.176,0.531,0.874
0.773,0.924,1.297,1.251,1.074,0.587,0.932,1.1,0.904,1.381,0.311,0.779,1.009,0.819,0.623,0.96,0.995,0.104,0.93,0.877,1.247,0.848,0.819,0.876,0.918,0.988,0.464,0.997,1.024,1.379,0.957,0.575,0.933,0.831,0.152,1.465,1.724,1.005,0.0,1.318,0.328,0.784,0.935,0.757,0.778,1.655,1.125,0.183,0.616,0.927,1.204,0.905,0.813,0.114,1.252,0.491,0.905,0.68,1.511,1.623,1.121,0.918,1.303,0.889,0.887,0.451,1.498,0.94,0.455,0.771,0.936,0.755,1.03,0.705,1.638,1.307,1.456,0.765,1.309,1.489,1.268,0.98,0.944,0.81,0.938,0.743,1.008,0.603,0.842,0.972,1.076,1.111,1.122,0.817,1.438,1.101,0.404,0.349,0.868,0.881
0.796,0.534,0.446,0.178,0.279,1.004,0.545,0.434,1.572,0.954,1.335,1.027,0.424,0.785,0.968,0.407,0.512,1.385,0.6,0.472,0.238,0.612,0.757,0.505,0.677,0.476,1.354,1.141,0.344,0.514,0.56,0.991,0.699,1.444,1.397,0.686,0.785,0.551,1.318,0.0,1.352,0.987,0.668,0.965,0.966,0.634,0.222,1.251,0.928,0.422,0.265,0.429,0.735,1.389,0.116,1.254,0.701,0.909,0.727,0.756,0.316,0.424,0.278,0.6,0.576,1.09,0.3,0.579,1.082,0.705,0.528,0.826,0.369,0.947,0.813,0.145,0.218,0.8,0.045,0.438,0.283,0.479,1.37,0.682,0.65,0.761,0.437,0.984,0.758,0.587,1.17,1.333,0.431,0.912,0.877,0.359,1.135,1.426,0.721,0.895
0.867,1.024,1.382,1.305,1.103,0.729,0.987,1.179,1.186,1.517,0.612,0.96,1.053,0.959,0.754,0.992,1.058,0.431,1.0,0.911,1.313,0.901,0.913,0.98,1.035,1.039,0.151,1.228,1.056,1.461,1.057,0.765,1.052,0.727,0.344,1.555,1.787,1.089,0.328,1.352,0.0,0.958,1.059,0.93,0.949,1.714,1.154,0.286,0.529,0.957,1.266,0.933,0.894,0.386,1.291,0.754,1.029,0.797,1.598,1.697,1.169,0.947,1.368,0.948,0.939,0.651,1.543,1.046,0.658,0.906,0.988,0.857,1.052,0.881,1.716,1.356,1.491,0.858,1.34,1.549,1.337,1.03,0.882,0.873,1.038,0.886,1.055,0.754,0.954,1.069,0.786,0.814,1.215,0.975,1.555,1.153,0.599,0.097,0.996,1.099
0.242,0.495,0.778,0.836,0.761,0.372,0.514,0.602,1.568,0.888,0.543,0.051,0.632,0.239,0.318,0.635,0.548,0.684,0.459,0.56,0.788,0.439,0.286,0.51,0.332,0.583,1.02,1.253,0.701,0.868,0.464,0.709,0.315,1.091,0.741,0.931,1.294,0.495,0.784,0.987,0.958,0.0,0.536,0.031,0.028,1.239,0.814,0.928,1.283,0.614,0.759,0.601,0.313,0.715,0.898,0.388,0.518,0.271,0.983,1.144,0.732,0.61,0.852,0.458,0.48,0.668,1.126,0.421,0.697,0.335,0.531,0.229,0.749,0.086,1.148,0.911,1.131,0.238,0.993,1.059,0.8,0.58,1.566,0.368,0.386,0.278,0.621,0.287,0.379,0.471,1.553,1.617,0.581,0.091,0.831,0.692,0.593,0.862,0.299,1.108
0.375,0.913,0.518,0.521,0.617,0.385,0.533,0.271,1.386,0.601,0.888,0.513,0.553,0.667,0.333,0.699,0.41,1.01,0.409,0.784,0.486,0.625,0.329,0.856,0.83,0.513,1.09,0.911,0.643,0.642,0.942,0.437,0.838,1.278,1.049,0.766,1.256,0.24,0.935,0.668,1.059,0.536,0.0,0.515,0.539,1.137,0.574,0.886,0.829,0.748,0.44,0.785,0.433,1.027,0.565,0.731,0.036,0.287,0.843,1.053,0.423,0.764,0.567,0.539,0.594,0.561,0.9,0.9,0.558,0.644,0.557,0.33,0.716,0.462,1.077,0.608,0.865,0.392,0.666,0.854,0.508,0.529,1.294,0.581,0.171,0.583,0.531,0.349,0.176,0.964,1.202,1.327,0.269,0.607,0.699,0.4,0.605,1.144,0.753,0.677
0.212,0.464,0.758,0.813,0.733,0.346,0.485,0.577,1.564,0.88,0.556,0.082,0.604,0.208,0.292,0.606,0.52,0.66,0.43,0.53,0.766,0.409,0.256,0.479,0.331,0.555,0.993,1.243,0.673,0.851,0.452,0.684,0.342,1.063,0.713,0.917,1.287,0.469,0.757,0.965,0.93,0.031,0.515,0.0,0.027,1.229,0.787,0.901,1.263,0.584,0.736,0.571,0.283,0.688,0.874,0.413,0.496,0.245,0.971,1.134,0.706,0.58,0.831,0.428,0.45,0.643,1.11,0.406,0.671,0.304,0.502,0.203,0.72,0.059,1.139,0.889,1.113,0.208,0.971,1.044,0.778,0.551,1.557,0.337,0.359,0.248,0.592,0.261,0.355,0.478,1.539,1.606,0.558,0.097,0.819,0.666,0.567,0.834,0.269,1.093
0.215,0.47,0.756,0.813,0.737,0.372,0.488,0.577,1.574,0.897,0.549,0.079,0.607,0.212,0.318,0.611,0.522,0.679,0.433,0.535,0.766,0.413,0.259,0.485,0.306,0.558,1.011,1.259,0.677,0.847,0.439,0.708,0.316,1.079,0.734,0.912,1.279,0.47,0.778,0.966,0.949,0.028,0.539,0.027,0.0,1.223,0.791,0.922,1.28,0.589,0.736,0.576,0.286,0.709,0.876,0.408,0.521,0.272,0.965,1.127,0.708,0.585,0.83,0.432,0.454,0.667,1.108,0.396,0.695,0.308,0.505,0.23,0.725,0.087,1.131,0.889,1.113,0.211,0.973,1.04,0.777,0.555,1.568,0.341,0.379,0.251,0.596,0.288,0.381,0.453,1.55,1.615,0.557,0.07,0.812,0.668,0.592,0.854,0.273,1.112
1.145,0.916,0.739,0.688,0.781,1.343,0.913,0.912,1.086,0.601,1.616,1.273,0.814,1.056,1.304,0.796,0.92,1.68,0.988,0.835,0.74,0.939,1.127,0.874,0.926,0.866,1.728,0.967,0.777,0.623,0.928,1.412,0.94,1.801,1.7,0.483,0.259,0.993,1.655,0.634,1.714,1.239,1.137,1.229,1.223,0.0,0.766,1.64,1.479,0.828,0.766,0.854,1.084,1.69,0.62,1.525,1.158,1.25,0.385,0.128,0.762,0.84,0.674,0.954,0.92,1.473,0.391,0.873,1.474,1.003,0.893,1.178,0.861,1.231,0.211,0.61,0.543,1.143,0.672,0.394,0.729,0.864,1.014,1.003,1.085,1.062,0.83,1.308,1.166,0.951,1.331,1.146,0.937,1.165,0.518,0.803,1.488,1.745,0.982,1.172
0.592,0.351,0.658,0.359,0.062,0.805,0.335,0.424,1.662,1.112,1.16,0.856,0.209,0.603,0.769,0.2,0.294,1.207,0.386,0.275,0.459,0.412,0.547,0.318,0.502,0.262,1.153,1.314,0.13,0.714,0.382,0.775,0.527,1.25,1.217,0.859,0.877,0.369,1.125,0.222,1.154,0.814,0.574,0.787,0.791,0.766,0.0,1.045,1.081,0.22,0.385,0.229,0.53,1.21,0.216,1.08,0.549,0.708,0.888,0.885,0.179,0.222,0.495,0.393,0.371,0.882,0.494,0.402,0.872,0.514,0.318,0.621,0.155,0.762,0.931,0.365,0.423,0.597,0.226,0.627,0.503,0.266,1.525,0.483,0.43,0.568,0.222,0.788,0.542,0.41,1.37,1.503,0.553,0.737,1.035,0.207,0.935,1.242,0.542,1.104
0.73,1.048,1.255,1.189,0.992,0.64,0.856,1.04,0.958,1.379,0.487,0.924,0.931,0.955,0.676,0.876,0.924,0.285,0.859,0.932,1.191,0.857,0.754,1.001,1.045,0.912,0.385,1.013,0.942,1.343,1.08,0.537,1.061,0.892,0.193,1.444,1.722,0.943,0.183,1.251,0.286,0.928,0.886,0.901,0.922,1.64,1.045,0.0,0.45,0.887,1.143,0.918,0.754,0.237,1.183,0.658,0.854,0.697,1.494,1.613,1.049,0.9,1.251,0.814,0.822,0.414,1.454,1.065,0.419,0.906,0.859,0.705,0.944,0.851,1.633,1.247,1.403,0.744,1.24,1.453,1.215,0.903,0.821,0.849,0.879,0.879,0.931,0.705,0.784,1.093,0.944,0.99,1.07,0.956,1.431,1.03,0.456,0.38,1.0,0.876
1.124,1.39,0.972,0.87,1.128,1.045,1.153,0.887,0.931,1.204,0.888,1.279,1.129,1.311,1.076,1.221,1.061,0.698,1.088,1.296,0.88,1.233,1.081,1.353,1.385,1.118,0.637,0.846,1.165,1.082,1.414,0.768,1.397,1.188,0.61,1.229,1.622,0.96,0.616,0.928,0.529,1.283,0.829,1.263,1.28,1.479,1.081,0.45,0.0,1.258,0.857,1.284,1.144,0.653,0.909,1.045,0.855,1.095,1.299,1.461,1.008,1.269,0.949,1.173,1.202,0.811,1.19,1.402,0.784,1.273,1.163,1.102,1.195,1.224,1.499,0.933,1.111,1.136,0.913,1.205,0.91,1.13,0.509,1.225,0.943,1.25,1.118,1.101,0.977,1.425,0.557,0.649,0.792,1.309,1.25,1.006,0.88,0.605,1.348,0.643
0.398,0.189,0.797,0.516,0.159,0.595,0.249,0.592,1.712,1.201,0.969,0.658,0.221,0.395,0.558,0.055,0.376,1.017,0.377,0.057,0.613,0.194,0.447,0.12,0.296,0.268,0.956,1.424,0.112,0.839,0.224,0.816,0.323,1.058,1.027,0.958,0.909,0.542,0.927,0.422,0.957,0.614,0.748,0.584,0.589,0.828,0.22,0.887,1.258,0.0,0.545,0.043,0.347,1.019,0.377,0.887,0.725,0.495,0.974,0.946,0.348,0.019,0.642,0.244,0.184,0.754,0.611,0.196,0.778,0.3,0.223,0.437,0.152,0.556,0.983,0.516,0.602,0.382,0.43,0.737,0.653,0.25,1.624,0.266,0.602,0.355,0.246,0.578,0.587,0.253,1.514,1.618,0.716,0.534,1.122,0.377,0.728,1.052,0.334,1.251
0.557,0.707,0.291,0.089,0.425,0.799,0.304,0.177,1.522,0.813,1.199,0.804,0.337,0.537,0.755,0.495,0.252,1.274,0.344,0.576,0.078,0.391,0.516,0.647,0.594,0.289,1.276,1.074,0.443,0.355,0.734,0.815,0.6,1.394,1.295,0.522,0.904,0.299,1.204,0.265,1.266,0.759,0.44,0.736,0.736,0.766,0.385,1.143,0.857,0.545,0.0,0.584,0.488,1.283,0.171,1.09,0.474,0.686,0.558,0.665,0.21,0.563,0.132,0.342,0.364,0.924,0.504,0.681,0.918,0.452,0.33,0.591,0.532,0.718,0.692,0.185,0.479,0.56,0.269,0.443,0.124,0.306,1.356,0.428,0.408,0.511,0.312,0.77,0.526,0.761,1.188,1.34,0.183,0.674,0.723,0.18,0.969,1.344,0.51,0.831
0.439,0.147,0.831,0.554,0.174,0.578,0.291,0.63,1.723,1.226,0.95,0.645,0.263,0.383,0.542,0.098,0.417,0.996,0.418,0.046,0.651,0.194,0.487,0.094,0.286,0.309,0.935,1.446,0.154,0.871,0.182,0.85,0.313,1.032,1.004,0.986,0.931,0.582,0.905,0.429,0.933,0.601,0.785,0.571,0.576,0.854,0.229,0.918,1.284,0.043,0.584,0.0,0.388,0.997,0.416,0.87,0.762,0.503,1.002,0.971,0.389,0.024,0.678,0.286,0.226,0.788,0.643,0.185,0.813,0.289,0.265,0.477,0.163,0.542,1.007,0.553,0.605,0.421,0.437,0.768,0.69,0.292,1.639,0.255,0.64,0.343,0.288,0.563,0.626,0.211,1.533,1.634,0.753,0.522,1.148,0.418,0.717,1.028,0.323,1.278
0.071,0.532,0.534,0.572,0.471,0.335,0.208,0.318,1.573,0.89,0.809,0.363,0.333,0.254,0.286,0.335,0.247,0.9,0.152,0.385,0.526,0.205,0.108,0.466,0.436,0.281,0.909,1.219,0.405,0.642,0.565,0.575,0.446,1.059,0.926,0.733,1.164,0.2,0.813,0.735,0.894,0.313,0.433,0.283,0.286,1.084,0.53,0.754,1.144,0.347,0.488,0.388,0.0,0.91,0.632,0.679,0.411,0.21,0.797,0.985,0.446,0.365,0.601,0.148,0.172,0.525,0.919,0.516,0.553,0.227,0.225,0.107,0.457,0.258,0.996,0.657,0.912,0.076,0.74,0.853,0.543,0.277,1.517,0.157,0.267,0.161,0.321,0.305,0.263,0.592,1.444,1.542,0.375,0.223,0.794,0.403,0.529,0.989,0.349,1.035
0.872,0.878,1.366,1.327,1.161,0.692,1.025,1.185,0.95,1.432,0.254,0.711,1.099,0.787,0.727,1.051,1.086,0.049,1.023,0.97,1.322,0.943,0.917,0.91,0.843,1.079,0.523,1.062,1.114,1.44,0.88,0.68,0.859,0.906,0.045,1.516,1.749,1.095,0.114,1.389,0.386,0.715,1.027,0.688,0.709,1.69,1.21,0.237,0.653,1.019,1.283,0.997,0.91,0.0,1.328,0.431,0.998,0.782,1.557,1.658,1.206,1.011,1.374,0.984,0.981,0.56,1.552,0.864,0.563,0.863,1.029,0.855,1.118,0.707,1.672,1.378,1.516,0.865,1.381,1.543,1.341,1.071,0.948,0.907,1.031,0.841,1.098,0.707,0.939,0.895,1.101,1.123,1.204,0.746,1.487,1.187,0.514,0.29,0.801,0.961
0.696,0.541,0.457,0.145,0.256,0.915,0.437,0.323,1.584,0.959,1.268,0.939,0.312,0.687,0.877,0.326,0.401,1.324,0.492,0.408,0.248,0.507,0.655,0.48,0.578,0.366,1.294,1.168,0.274,0.522,0.569,0.904,0.601,1.392,1.337,0.687,0.759,0.442,1.252,0.116,1.291,0.898,0.565,0.874,0.876,0.62,0.216,1.183,0.909,0.377,0.171,0.416,0.632,1.328,0.0,1.181,0.599,0.814,0.724,0.742,0.201,0.394,0.287,0.493,0.469,1.008,0.353,0.514,1.0,0.604,0.419,0.727,0.366,0.855,0.796,0.153,0.331,0.7,0.121,0.44,0.293,0.369,1.405,0.578,0.544,0.66,0.326,0.893,0.657,0.596,1.222,1.376,0.344,0.819,0.878,0.245,1.055,1.37,0.622,0.93
0.62,0.756,1.135,1.15,1.03,0.372,0.841,0.96,1.273,1.126,0.194,0.373,0.937,0.584,0.422,0.914,0.887,0.388,0.81,0.836,1.123,0.763,0.664,0.781,0.638,0.903,0.851,0.887,0.977,1.218,0.725,0.322,0.629,1.041,0.469,1.285,1.581,0.861,0.491,1.254,0.754,0.388,0.731,0.413,0.408,1.525,1.08,0.658,1.045,0.887,1.09,0.87,0.679,0.431,1.181,0.0,0.701,0.495,1.332,1.463,1.039,0.881,1.18,0.792,0.803,0.288,1.403,0.699,0.32,0.671,0.852,0.59,1.002,0.442,1.471,1.212,1.386,0.615,1.253,1.366,1.138,0.897,1.328,0.709,0.768,0.63,0.931,0.404,0.659,0.726,1.398,1.441,0.954,0.46,1.212,1.01,0.21,0.658,0.623,0.735
0.353,0.892,0.551,0.555,0.593,0.352,0.51,0.306,1.393,0.626,0.859,0.496,0.529,0.647,0.299,0.676,0.386,0.981,0.386,0.762,0.521,0.603,0.307,0.835,0.811,0.489,1.06,0.927,0.619,0.673,0.922,0.402,0.82,1.25,1.02,0.793,1.271,0.217,0.905,0.701,1.029,0.518,0.036,0.496,0.521,1.158,0.549,0.854,0.855,0.725,0.474,0.762,0.411,0.998,0.599,0.701,0.0,0.266,0.868,1.074,0.414,0.742,0.601,0.516,0.572,0.527,0.929,0.88,0.524,0.624,0.534,0.309,0.692,0.443,1.096,0.642,0.896,0.371,0.7,0.882,0.542,0.506,1.309,0.56,0.148,0.562,0.507,0.316,0.153,0.944,1.225,1.346,0.304,0.589,0.725,0.376,0.572,1.116,0.734,0.698
0.14,0.644,0.734,0.764,0.651,0.131,0.409,0.524,1.479,0.741,0.65,0.251,0.527,0.395,0.079,0.519,0.451,0.767,0.36,0.503,0.724,0.34,0.186,0.582,0.566,0.48,0.824,1.099,0.589,0.838,0.678,0.456,0.577,1.013,0.803,0.925,1.326,0.408,0.68,0.909,0.797,0.271,0.287,0.245,0.272,1.25,0.708,0.697,1.095,0.495,0.686,0.503,0.21,0.782,0.814,0.495,0.266,0.0,0.987,1.162,0.639,0.49,0.795,0.352,0.371,0.412,1.09,0.635,0.442,0.365,0.424,0.105,0.63,0.187,1.173,0.844,1.076,0.136,0.911,1.034,0.741,0.475,1.453,0.297,0.298,0.303,0.516,0.097,0.175,0.702,1.419,1.504,0.514,0.341,0.839,0.6,0.348,0.892,0.484,0.917
0.865,1.075,0.383,0.592,0.909,1.099,0.762,0.588,1.151,0.264,1.453,1.023,0.813,0.791,1.052,0.939,0.669,1.544,0.687,0.986,0.494,0.815,0.842,1.031,0.95,0.765,1.62,0.68,0.912,0.255,1.089,1.186,0.949,1.728,1.572,0.102,0.624,0.682,1.511,0.727,1.598,0.983,0.843,0.971,0.965,0.385,0.888,1.494,1.299,0.974,0.558,1.002,0.797,1.557,0.724,1.332,0.868,0.987,0.0,0.292,0.729,0.987,0.466,0.751,0.802,1.264,0.454,1.038,1.265,0.8,0.787,0.902,0.992,0.97,0.345,0.593,0.611,0.864,0.765,0.317,0.454,0.778,0.85,0.759,0.786,0.781,0.791,1.057,0.883,1.111,1.146,0.941,0.61,0.9,0.171,0.698,1.283,1.638,0.877,0.902
1.049,1.031,0.644,0.613,0.899,1.265,0.809,0.814,1.032,0.523,1.569,1.18,0.795,0.951,1.221,0.914,0.818,1.647,0.887,0.952,0.641,0.833,1.032,0.99,0.898,0.761,1.716,0.925,0.896,0.528,1.043,1.353,0.894,1.802,1.671,0.39,0.352,0.896,1.623,0.756,1.697,1.144,1.053,1.134,1.127,0.128,0.885,1.613,1.461,0.946,0.665,0.971,0.985,1.658,0.742,1.463,1.074,1.162,0.292,0.0,0.728,0.957,0.574,0.849,0.814,1.417,0.516,0.99,1.419,0.898,0.788,1.085,0.977,1.137,0.083,0.622,0.666,1.047,0.793,0.38,0.63,0.759,1.002,0.899,0.993,0.958,0.774,1.224,1.078,1.065,1.329,1.143,0.844,1.065,0.433,0.699,1.43,1.727,0.875,1.125
0.512,0.524,0.491,0.182,0.22,0.747,0.242,0.254,1.604,0.975,1.137,0.777,0.131,0.509,0.705,0.295,0.204,1.2,0.298,0.382,0.286,0.318,0.468,0.459,0.412,0.169,1.173,1.219,0.24,0.549,0.554,0.741,0.426,1.285,1.216,0.7,0.877,0.247,1.121,0.316,1.169,0.732,0.423,0.706,0.708,0.762,0.179,1.049,1.008,0.348,0.21,0.389,0.446,1.206,0.201,1.039,0.414,0.639,0.729,0.728,0.0,0.367,0.322,0.301,0.277,0.851,0.537,0.499,0.843,0.42,0.224,0.545,0.332,0.684,0.777,0.232,0.521,0.517,0.321,0.471,0.33,0.172,1.467,0.391,0.354,0.478,0.128,0.723,0.471,0.582,1.316,1.453,0.389,0.649,0.889,0.045,0.901,1.255,0.444,0.998
0.416,0.171,0.813,0.533,0.162,0.589,0.267,0.609,1.717,1.213,0.962,0.654,0.239,0.391,0.553,0.074,0.394,1.009,0.395,0.054,0.63,0.191,0.464,0.102,0.293,0.286,0.946,1.434,0.131,0.853,0.205,0.831,0.32,1.047,1.018,0.971,0.92,0.56,0.918,0.424,0.947,0.61,0.764,0.58,0.585,0.84,0.222,0.9,1.269,0.019,0.563,0.024,0.365,1.011,0.394,0.881,0.742,0.49,0.987,0.957,0.367,0.0,0.658,0.262,0.203,0.769,0.625,0.193,0.793,0.297,0.241,0.455,0.156,0.551,0.994,0.533,0.602,0.399,0.432,0.751,0.669,0.269,1.631,0.263,0.619,0.351,0.264,0.573,0.604,0.235,1.522,1.625,0.732,0.531,1.134,0.396,0.721,1.043,0.331,1.263
0.669,0.79,0.176,0.143,0.532,0.907,0.405,0.307,1.465,0.722,1.289,0.895,0.442,0.635,0.863,0.594,0.374,1.365,0.464,0.668,0.086,0.486,0.632,0.733,0.673,0.394,1.379,0.973,0.548,0.244,0.814,0.934,0.676,1.492,1.386,0.423,0.836,0.425,1.303,0.278,1.368,0.852,0.567,0.831,0.83,0.674,0.495,1.251,0.949,0.642,0.132,0.678,0.601,1.374,0.287,1.18,0.601,0.795,0.466,0.574,0.322,0.658,0.0,0.457,0.461,1.036,0.381,0.761,1.031,0.556,0.431,0.704,0.635,0.817,0.608,0.135,0.35,0.671,0.321,0.322,0.064,0.41,1.261,0.536,0.533,0.616,0.417,0.876,0.647,0.839,1.071,1.236,0.312,0.768,0.632,0.292,1.076,1.437,0.591,0.714
0.218,0.43,0.568,0.428,0.333,0.469,0.06,0.356,1.629,1.005,0.904,0.506,0.188,0.223,0.424,0.195,0.134,0.977,0.137,0.281,0.381,0.093,0.219,0.363,0.326,0.134,0.956,1.294,0.266,0.609,0.464,0.653,0.335,1.084,0.996,0.734,1.036,0.308,0.889,0.6,0.948,0.458,0.539,0.428,0.432,0.954,0.393,0.814,1.173,0.244,0.342,0.286,0.148,0.984,0.493,0.792,0.516,0.352,0.751,0.849,0.301,0.262,0.457,0.0,0.061,0.599,0.785,0.411,0.626,0.127,0.078,0.252,0.322,0.402,0.861,0.516,0.782,0.223,0.606,0.715,0.416,0.131,1.553,0.094,0.378,0.185,0.175,0.443,0.37,0.492,1.458,1.562,0.488,0.37,0.914,0.257,0.64,1.043,0.237,1.11
0.239,0.372,0.623,0.402,0.311,0.484,0.065,0.415,1.65,1.052,0.908,0.527,0.165,0.246,0.441,0.173,0.194,0.976,0.198,0.221,0.433,0.043,0.278,0.304,0.266,0.111,0.945,1.329,0.244,0.664,0.406,0.7,0.276,1.068,0.992,0.786,1.0,0.368,0.887,0.576,0.939,0.48,0.594,0.45,0.454,0.92,0.371,0.822,1.202,0.184,0.364,0.226,0.172,0.981,0.469,0.803,0.572,0.371,0.802,0.814,0.277,0.203,0.461,0.061,0.0,0.644,0.757,0.352,0.67,0.15,0.055,0.273,0.302,0.423,0.825,0.49,0.756,0.244,0.583,0.685,0.474,0.108,1.574,0.117,0.436,0.208,0.152,0.46,0.427,0.435,1.479,1.581,0.546,0.393,0.963,0.233,0.649,1.034,0.182,1.15
0.48,0.922,1.007,0.988,0.826,0.321,0.638,0.788,1.177,1.069,0.371,0.653,0.735,0.753,0.372,0.707,0.693,0.534,0.614,0.796,0.969,0.678,0.468,0.869,0.884,0.702,0.712,0.721,0.77,1.107,0.955,0.131,0.897,1.02,0.592,1.206,1.557,0.679,0.451,1.09,0.651,0.668,0.561,0.643,0.667,1.473,0.882,0.414,0.811,0.754,0.924,0.788,0.525,0.56,1.008,0.288,0.527,0.412,1.264,1.417,0.851,0.769,1.036,0.599,0.644,0.0,1.29,0.927,0.032,0.715,0.648,0.443,0.79,0.588,1.434,1.058,1.253,0.497,1.084,1.264,0.99,0.695,1.191,0.652,0.586,0.668,0.73,0.403,0.472,0.973,1.225,1.299,0.796,0.722,1.152,0.822,0.081,0.745,0.821,0.524
0.98,0.736,0.431,0.419,0.523,1.184,0.737,0.667,1.403,0.688,1.488,1.163,0.625,0.933,1.147,0.592,0.72,1.545,0.8,0.639,0.462,0.786,0.95,0.685,0.814,0.677,1.551,0.871,0.541,0.297,0.755,1.207,0.832,1.634,1.561,0.402,0.597,0.772,1.498,0.3,1.543,1.126,0.9,1.11,1.108,0.391,0.494,1.454,1.19,0.611,0.504,0.643,0.919,1.552,0.353,1.403,0.929,1.09,0.454,0.516,0.537,0.625,0.381,0.785,0.757,1.29,0.0,0.717,1.285,0.866,0.718,1.011,0.62,1.101,0.588,0.328,0.169,0.982,0.343,0.142,0.442,0.678,1.124,0.853,0.869,0.923,0.639,1.157,0.967,0.781,0.981,1.074,0.673,1.052,0.609,0.58,1.322,1.597,0.865,0.846
