0,1,2,3,4,5,6,7,8,9,10,11,12,13,14,15,16,17,18,19,20,21,22,23,24,25,26,27,28,29,30,31,32,33,34,35,36,37,38,39,40,41,42,43,44,45,46,47,48,49,50,51,52,53,54,55,56,57,58,59,60,61,62,63,64,65,66,67,68,69,70,71,72,73,74,75,76,77,78,79,80,81,82,83,84,85,86,87,88,89,90,91,92,93,94,95,96,97,98,99
0.0,79.981,50.968,62.148,66.056,19.723,28.515,36.767,89.452,60.146,59.877,41.818,44.185,37.718,17.127,48.996,32.015,59.936,22.245,54.758,54.726,27.207,5.769,67.748,63.14,37.019,40.153,76.379,57.393,58.28,86.351,35.47,65.58,49.633,58.722,61.723,100.953,26.809,44.284,88.109,42.108,36.235,33.641,30.64,32.613,98.154,72.635,33.623,66.681,50.158,52.987,56.518,6.138,58.833,75.046,55.899,31.706,11.345,65.96,82.032,54.186,52.982,60.665,21.516,24.234,27.533,94.796,76.367,29.981,31.329,30.798,3.594,69.948,24.255,81.191,71.103,104.233,1.987,91.652,80.354,55.133,36.82,86.477,21.833,21.302,24.08,42.145,20.265,19.415,92.111,81.341,86.374,34.825,36.211,53.414,48.617,27.962,57.06,49.829,67.585
79.981,0.0,112.455,86.003,43.713,88.776,64.746,99.038,169.433,140.127,91.008,72.949,59.732,42.263,85.81,37.483,78.754,91.067,79.38,25.223,96.869,52.774,85.75,12.233,30.713,66.248,110.744,156.36,43.43,113.029,6.37,115.451,35.559,106.07,89.853,119.692,95.962,95.618,98.099,62.4,106.925,67.366,113.622,61.771,63.744,92.677,46.518,113.604,146.662,29.823,91.454,23.463,75.321,89.964,68.135,87.03,111.687,84.342,118.935,109.283,72.021,26.999,97.282,64.313,56.995,107.514,79.259,14.812,109.962,48.652,61.495,83.575,38.817,62.15,111.986,82.72,73.102,77.994,60.521,96.269,100.022,64.233,166.458,58.148,101.283,55.901,63.006,81.966,99.396,12.13,161.322,166.355,109.78,58.952,133.395,76.358,98.975,91.961,34.42,147.566
50.968,112.455,0.0,26.452,68.742,70.691,47.709,14.201,56.978,27.672,110.845,92.786,52.723,70.192,68.095,74.972,33.701,110.904,33.075,87.232,15.586,59.681,45.403,100.222,95.614,46.207,91.121,43.905,69.025,7.312,118.825,60.68,98.054,100.601,109.69,10.755,49.985,24.159,95.252,50.055,93.076,87.203,34.953,81.608,83.581,47.186,65.937,81.881,51.115,82.632,21.001,88.992,44.83,109.801,44.32,106.867,37.638,62.313,14.992,31.064,40.434,85.456,15.173,48.142,55.46,71.423,43.828,108.841,69.835,63.803,50.96,53.412,85.066,75.223,30.223,29.735,53.265,51.903,55.844,29.386,12.433,48.222,54.003,54.307,33.392,56.554,49.449,71.233,43.557,124.585,48.867,53.9,16.143,78.789,20.94,36.097,78.93,108.028,82.303,35.111
62.148,86.003,26.452,0.0,42.29,81.871,33.633,25.381,83.43,54.124,122.025,103.966,26.271,71.73,79.275,48.52,30.133,122.084,39.903,60.78,10.866,43.401,56.583,73.77,69.162,25.129,102.301,70.357,42.573,27.026,92.373,71.86,71.602,111.781,120.87,33.689,38.805,35.339,106.432,25.961,104.256,98.383,46.133,92.788,94.761,36.006,39.485,93.061,62.295,56.18,9.161,62.54,56.01,120.981,17.868,118.047,48.818,73.493,32.932,23.28,13.982,59.004,11.279,40.632,37.914,82.603,32.648,82.389,81.015,57.749,31.35,64.592,58.614,86.403,25.983,8.955,42.085,63.083,29.504,18.206,14.019,25.328,80.455,52.323,44.572,63.798,22.997,82.413,54.737,98.133,75.319,80.352,27.323,89.969,47.392,13.531,90.11,119.208,65.437,61.563
66.056,43.713,68.742,42.29,0.0,85.779,37.541,55.325,125.72,96.414,125.933,107.874,21.871,75.638,83.183,17.06,35.041,125.992,43.811,26.91,53.156,47.309,60.491,33.732,65.638,29.037,106.209,112.647,8.663,69.316,50.083,75.768,70.484,115.689,124.778,75.979,52.249,51.905,110.34,22.053,108.164,102.291,69.909,96.696,98.669,48.964,6.579,96.969,102.949,18.762,47.741,20.25,59.918,124.889,24.422,121.955,67.974,77.401,75.222,65.57,28.308,18.826,53.569,44.54,41.822,86.511,35.546,49.737,84.923,61.657,35.258,68.5,16.324,90.311,68.273,39.007,38.177,66.991,25.596,52.556,56.309,29.236,122.745,56.231,57.57,67.706,23.911,86.321,58.645,55.843,117.609,122.642,66.067,93.877,89.682,32.645,94.018,123.116,69.345,103.853
19.723,88.776,70.691,81.871,85.779,0.0,48.238,56.49,80.657,64.975,40.154,41.211,63.908,46.513,2.966,68.719,51.738,40.213,41.968,63.553,74.449,38.47,25.288,76.543,71.935,56.742,21.968,67.584,77.116,78.003,95.146,26.675,74.375,29.91,38.999,81.446,120.676,46.532,24.561,107.832,22.385,40.642,35.738,35.353,39.09,117.877,92.358,24.828,57.886,67.017,72.71,66.277,25.861,39.11,94.769,36.176,33.053,8.378,85.683,101.755,73.909,66.953,80.388,41.239,43.957,18.738,114.519,85.162,21.186,40.124,50.521,17.279,89.671,26.626,100.914,90.826,123.956,18.788,111.375,100.077,74.856,56.543,77.682,30.628,37.299,32.875,61.868,6.81,27.134,100.906,72.546,77.579,54.548,45.006,71.761,68.34,10.199,37.337,58.624,58.79
28.515,64.746,47.709,33.633,37.541,48.238,0.0,34.292,104.687,75.381,88.392,70.333,15.67,38.097,45.642,27.263,14.008,88.451,14.634,39.523,32.123,11.972,22.95,52.513,47.905,8.504,68.668,91.614,28.878,48.283,71.116,50.705,50.345,78.148,87.237,54.946,72.438,30.872,72.799,59.594,70.623,64.75,48.876,59.155,61.128,69.639,44.12,59.428,81.916,34.923,26.708,41.283,22.377,87.348,46.531,84.414,46.941,39.86,54.189,53.517,25.671,37.747,32.536,6.999,7.751,48.97,66.281,61.132,47.382,24.116,3.251,30.959,41.433,52.77,52.676,42.588,75.718,29.45,63.137,51.839,35.276,8.305,101.712,18.69,36.537,30.165,13.63,48.78,34.65,76.876,96.576,101.609,45.034,56.336,68.649,20.102,56.477,85.575,34.594,82.82
36.767,99.038,14.201,25.381,55.325,56.49,34.292,0.0,70.395,41.089,96.644,78.585,39.306,56.775,53.894,61.555,20.284,96.703,19.658,73.815,17.959,46.264,31.202,86.805,82.197,32.79,76.92,57.322,55.608,21.513,105.408,46.479,84.637,86.4,95.489,24.956,64.186,9.958,81.051,51.342,78.875,73.002,20.752,67.407,69.38,61.387,52.52,67.68,47.624,69.215,16.22,75.575,30.629,95.6,38.279,92.666,23.437,48.112,29.193,45.265,27.017,72.039,23.898,34.725,42.043,57.222,58.029,95.424,55.634,50.386,37.543,39.211,71.649,61.022,44.424,34.336,67.466,37.702,54.885,43.587,18.366,34.805,67.42,40.89,19.191,43.137,36.032,57.032,29.356,111.168,62.284,67.317,10.742,64.588,34.357,22.68,64.729,93.827,68.886,48.528
89.452,169.433,56.978,83.43,125.72,80.657,104.687,70.395,0.0,29.306,94.245,121.868,109.701,127.17,83.623,131.95,90.679,87.404,90.053,144.21,72.564,116.659,83.683,157.2,152.592,103.185,67.621,13.073,126.003,56.404,175.803,53.982,155.032,77.101,86.19,49.741,73.485,73.815,71.752,107.033,69.576,121.299,55.811,116.01,119.747,76.756,122.915,58.381,27.615,139.61,77.979,145.97,94.112,86.301,101.298,100.479,57.746,85.091,50.498,60.15,97.412,142.434,72.151,105.12,112.438,61.919,90.174,165.819,59.471,120.781,107.938,85.858,142.044,107.283,57.447,86.713,106.573,91.439,112.822,73.164,69.411,105.2,7.717,111.285,68.15,113.532,106.427,87.467,70.037,181.563,17.649,11.616,59.653,125.663,36.038,93.075,70.458,84.528,139.281,21.867
60.146,140.127,27.672,54.124,96.414,64.975,75.381,41.089,29.306,0.0,105.129,92.562,80.395,97.864,62.379,102.644,61.373,105.188,60.747,114.904,43.258,87.353,54.377,127.894,123.286,73.879,85.405,20.217,96.697,27.098,146.497,54.964,125.726,94.885,103.974,20.435,55.701,44.509,89.536,77.727,87.36,91.993,29.237,86.704,90.441,52.902,93.609,76.165,45.399,110.304,48.673,116.664,64.806,104.085,71.992,101.151,31.922,56.597,21.192,36.78,68.106,113.128,42.845,75.814,83.132,65.707,60.868,136.513,64.119,91.475,78.632,56.552,112.738,77.977,35.939,57.407,77.267,62.133,83.516,43.858,40.105,75.894,26.331,81.979,38.844,84.226,77.121,65.517,40.731,152.257,35.433,29.4,30.347,96.357,6.786,63.769,73.214,102.312,109.975,27.397
59.877,91.008,110.845,122.025,125.933,40.154,88.392,96.644,94.245,105.129,0.0,27.623,104.062,50.295,42.75,108.873,91.892,6.955,82.122,99.023,114.603,78.624,65.442,92.201,60.295,96.896,35.556,84.912,117.27,118.157,85.6,50.165,60.787,30.882,10.409,121.6,160.83,86.686,22.911,147.986,31.737,27.054,75.892,29.237,27.264,158.031,132.512,38.416,71.474,107.171,112.864,106.431,66.015,9.204,134.923,6.234,73.207,48.532,125.837,141.909,114.063,107.107,120.542,81.393,84.111,39.422,154.673,76.196,41.01,64.276,90.675,57.433,129.825,35.622,141.068,130.98,164.11,58.942,151.529,140.231,115.01,96.697,91.27,69.702,77.453,58.227,102.022,39.612,67.288,87.768,86.134,91.167,94.702,32.056,111.915,108.494,31.915,16.773,56.588,77.732
41.818,72.949,92.786,103.966,107.874,41.211,70.333,78.585,121.868,92.562,27.623,0.0,86.003,32.236,38.245,90.814,73.833,34.578,64.063,80.964,96.544,60.565,47.383,74.142,42.236,78.837,63.179,108.795,99.211,100.098,67.541,67.886,37.39,58.505,38.032,103.541,142.771,68.627,50.534,129.927,59.36,5.583,66.057,11.178,9.205,139.972,114.453,66.039,99.097,89.112,94.805,88.372,47.956,36.827,116.864,21.389,64.122,36.777,107.778,123.85,96.004,89.048,102.483,63.334,66.052,59.949,136.614,58.137,62.397,46.217,72.616,39.374,111.766,17.563,123.009,112.921,146.051,40.883,133.47,122.172,96.951,78.638,118.893,51.643,59.394,40.168,83.963,34.401,51.831,69.709,113.757,118.79,76.643,13.997,93.856,90.435,51.41,44.396,38.529,100.001
44.185,59.732,52.723,26.271,21.871,63.908,15.67,39.306,109.701,80.395,104.062,86.003,0.0,53.767,61.312,22.249,19.022,104.121,21.94,34.509,37.137,25.438,38.62,47.499,43.767,7.166,84.338,96.628,16.302,53.297,66.102,55.719,48.613,93.818,102.907,59.96,56.768,35.886,88.469,43.924,86.293,80.42,53.89,74.825,76.798,53.969,28.45,75.098,86.93,29.909,31.722,36.269,38.047,103.018,30.861,100.084,51.955,55.53,59.203,49.551,12.289,32.733,37.55,22.669,19.951,64.64,50.611,56.118,63.052,39.786,13.387,46.629,32.343,68.44,52.254,26.918,60.048,45.12,47.467,36.537,40.29,7.365,106.726,34.36,41.551,45.835,3.274,64.45,39.664,71.862,101.59,106.623,50.048,72.006,73.663,16.626,72.147,101.245,47.474,87.834
37.718,42.263,70.192,71.73,75.638,46.513,38.097,56.775,127.17,97.864,50.295,32.236,53.767,0.0,43.547,58.578,41.597,50.354,37.117,48.728,64.308,28.329,43.487,41.906,25.422,46.601,68.481,114.097,66.975,70.766,48.633,73.188,27.862,63.807,49.14,77.429,110.535,53.355,55.836,97.691,64.662,26.653,71.359,21.058,23.031,107.736,82.217,71.341,104.399,56.876,62.569,56.136,33.058,49.251,84.628,46.317,69.424,42.079,76.672,91.614,63.768,56.812,70.247,31.098,33.816,65.251,104.378,38.649,67.699,13.981,40.38,41.312,79.53,19.887,90.773,80.685,113.815,35.731,101.234,89.936,64.715,46.402,124.195,19.407,59.02,13.638,51.727,39.703,57.133,54.393,119.059,124.092,67.517,18.239,91.132,58.199,56.712,49.698,12.111,105.303
17.127,85.81,68.095,79.275,83.183,2.966,45.642,53.894,83.623,62.379,42.75,38.245,61.312,43.547,0.0,66.123,49.142,42.809,39.372,60.587,71.853,35.874,22.692,73.577,68.969,54.146,24.934,70.55,74.52,75.407,92.18,29.641,71.409,32.506,41.595,78.85,118.08,43.936,27.157,105.236,24.981,37.676,33.142,32.387,36.124,115.281,89.762,27.794,60.852,64.421,70.114,63.681,23.265,41.706,92.173,38.772,30.457,5.782,83.087,99.159,71.313,64.357,77.792,38.643,41.361,21.704,111.923,82.196,24.152,37.158,47.925,14.683,87.075,23.66,98.318,88.23,121.36,16.192,108.779,97.481,72.26,53.947,80.648,27.662,34.703,29.909,59.272,3.844,24.538,97.94,75.512,80.545,51.952,42.04,69.165,65.744,13.165,39.933,55.658,61.756
48.996,37.483,74.972,48.52,17.06,68.719,27.263,61.555,131.95,102.644,108.873,90.814,22.249,58.578,66.123,0.0,41.271,108.932,41.897,12.26,59.386,30.249,48.267,25.25,48.578,28.765,89.149,118.877,8.397,75.546,43.853,77.968,53.424,98.629,107.718,82.209,58.479,58.135,93.28,39.113,91.104,85.231,76.139,79.636,81.609,55.194,23.639,79.909,109.179,7.66,53.971,14.02,42.858,107.829,30.652,104.895,74.204,60.341,81.452,71.8,34.538,10.484,59.799,27.48,24.762,70.031,45.8,33.869,72.479,44.597,24.012,51.44,20.952,73.251,74.503,45.237,55.237,49.931,42.656,58.786,62.539,26.75,128.975,39.171,63.8,50.646,25.523,69.261,61.913,49.613,123.839,128.872,72.297,76.817,95.912,38.875,76.958,106.056,52.285,110.083
32.015,78.754,33.701,30.133,35.041,51.738,14.008,20.284,90.679,61.373,91.892,73.833,19.022,41.597,49.142,41.271,0.0,91.951,9.77,53.531,22.711,25.98,26.45,66.521,61.913,12.506,72.168,77.606,35.324,34.275,85.124,41.727,64.353,81.648,90.737,40.938,68.938,16.864,76.299,56.094,74.123,68.25,34.868,62.655,64.628,66.139,40.62,62.928,67.908,48.931,20.972,55.291,25.877,90.848,43.031,87.914,32.933,43.36,40.181,50.017,22.171,51.755,28.65,14.441,21.759,52.47,62.781,75.14,50.882,30.102,17.259,34.459,51.365,56.27,49.176,39.088,72.218,32.95,59.637,48.339,23.118,14.521,87.704,22.19,22.529,33.665,15.748,52.28,24.604,90.884,82.568,87.601,31.026,59.836,54.641,16.602,59.977,89.075,48.602,68.812
59.936,91.067,110.904,122.084,125.992,40.213,88.451,96.703,87.404,105.188,6.955,34.578,104.121,50.354,42.809,108.932,91.951,0.0,82.181,99.082,114.662,78.683,65.501,92.26,65.302,96.955,28.601,84.971,117.329,118.216,88.513,50.224,67.742,23.927,3.454,121.659,160.889,86.745,15.956,148.045,24.782,34.009,75.951,29.296,32.457,158.09,132.571,31.461,64.519,107.23,112.923,106.49,66.074,2.249,134.982,13.189,73.266,48.591,125.896,141.968,114.122,107.166,120.601,81.452,84.17,39.481,154.732,78.529,41.069,64.335,90.734,57.492,129.884,35.681,141.127,131.039,164.169,59.001,151.588,140.29,115.069,96.756,84.315,69.761,77.512,58.286,102.081,39.671,67.347,94.273,79.179,84.212,94.761,38.373,111.974,108.553,31.974,9.818,56.647,77.791
22.245,79.38,33.075,39.903,43.811,41.968,14.634,19.658,90.053,60.747,82.122,64.063,21.94,37.117,39.372,41.897,9.77,82.181,0.0,54.157,32.481,26.606,16.68,67.147,62.539,14.774,62.398,76.98,35.95,36.035,85.75,36.071,64.979,71.878,80.967,40.312,78.708,16.238,66.529,65.864,64.353,58.48,34.242,52.885,54.858,75.909,50.39,53.158,67.282,49.557,30.742,55.917,16.107,81.078,52.801,78.144,32.307,33.59,43.715,59.787,31.941,52.381,38.42,15.067,22.385,42.7,72.551,75.766,41.112,30.728,17.885,24.689,51.991,46.5,58.946,48.858,81.988,23.18,69.407,58.109,32.888,15.147,87.078,21.232,21.903,23.895,19.9,42.51,20.016,91.51,81.942,86.975,30.4,50.066,54.015,26.372,50.207,79.305,49.228,68.186
54.758,25.223,87.232,60.78,26.91,63.553,39.523,73.815,144.21,114.904,99.023,80.964,34.509,48.728,60.587,12.26,53.531,99.082,54.157,0.0,71.646,27.551,60.527,12.99,38.728,41.025,85.521,131.137,18.247,87.806,31.593,90.228,43.574,88.779,97.868,94.469,70.739,70.395,83.43,48.963,81.702,75.381,88.399,69.786,71.759,67.454,33.489,88.381,121.439,8.148,66.231,7.408,50.098,97.979,42.912,95.045,86.464,59.119,93.712,84.06,46.798,8.084,72.059,39.09,31.772,82.291,55.65,22.827,84.739,34.747,36.272,58.352,30.802,63.401,86.763,57.497,65.087,52.771,52.506,71.046,74.799,39.01,141.235,32.925,76.06,40.796,37.783,59.411,74.173,37.353,136.099,141.132,84.557,66.967,108.172,51.135,73.752,96.206,42.435,122.343
54.726,96.869,15.586,10.866,53.156,74.449,32.123,17.959,72.564,43.258,114.603,96.544,37.137,64.308,71.853,59.386,22.711,114.662,32.481,71.646,0.0,44.095,49.161,84.636,80.028,30.621,94.879,59.491,53.439,16.16,103.239,64.438,82.468,104.359,113.448,22.823,46.227,27.917,99.01,34.469,96.834,90.961,38.711,85.366,87.339,43.428,50.351,85.639,54.873,67.046,5.415,73.406,48.588,113.559,28.734,110.625,41.396,66.071,22.066,27.306,24.848,69.87,5.939,33.21,39.874,75.181,40.07,93.255,73.593,50.327,35.374,57.17,69.48,78.981,26.465,16.377,49.507,55.661,40.258,25.628,3.153,32.636,69.589,44.901,37.15,56.376,33.863,74.991,47.315,108.999,64.453,69.486,19.901,82.547,36.526,20.511,82.688,111.786,66.717,50.697
27.207,52.774,59.681,43.401,47.309,38.47,11.972,46.264,116.659,87.353,78.624,60.565,25.438,28.329,35.874,30.249,25.98,78.683,26.606,27.551,44.095,0.0,32.976,40.541,35.933,18.272,58.9,103.586,38.646,60.255,59.144,62.677,38.373,68.38,77.469,66.918,82.206,42.844,63.031,69.362,60.855,54.982,60.848,49.387,51.36,79.407,53.888,60.83,93.888,28.547,38.68,29.311,22.547,77.58,56.299,74.646,58.913,31.568,66.161,63.285,35.439,28.483,44.508,11.539,5.487,54.74,76.049,49.16,57.188,14.348,12.051,30.801,51.201,43.002,62.444,52.356,85.486,25.22,72.905,61.607,47.248,18.073,113.684,8.922,48.509,20.397,23.398,39.012,46.622,64.904,108.548,113.581,57.006,46.568,80.621,29.87,46.709,75.807,22.622,94.792
5.769,85.75,45.403,56.583,60.491,25.288,22.95,31.202,83.683,54.377,65.442,47.383,38.62,43.487,22.692,48.267,26.45,65.501,16.68,60.527,49.161,32.976,0.0,73.517,68.909,31.454,45.718,70.61,51.828,52.715,92.12,29.701,71.349,55.198,64.287,56.158,95.388,21.244,49.849,82.544,47.673,41.8,27.872,36.205,38.178,92.589,67.07,36.478,60.912,55.927,47.422,62.287,10.429,64.398,69.481,61.464,25.937,16.91,60.395,76.467,48.621,58.751,55.1,21.437,28.755,26.02,89.231,82.136,24.432,37.098,25.233,8.009,64.383,29.82,75.626,65.538,98.668,7.756,86.087,74.789,49.568,31.255,80.708,27.602,15.533,29.849,36.58,25.83,13.646,97.88,75.572,80.605,29.26,41.98,47.645,43.052,33.527,62.625,55.598,61.816
67.748,12.233,100.222,73.77,33.732,76.543,52.513,86.805,157.2,127.894,92.201,74.142,47.499,41.906,73.577,25.25,66.521,92.26,67.147,12.99,84.636,40.541,73.517,0.0,31.906,54.015,98.511,144.127,31.197,100.796,18.603,103.218,36.752,93.837,91.046,107.459,83.729,83.385,85.866,55.785,94.692,68.559,101.389,62.964,64.937,80.444,40.311,101.371,134.429,17.59,79.221,14.23,63.088,91.157,55.902,88.223,99.454,72.109,106.702,97.05,59.788,14.906,85.049,52.08,44.762,95.281,67.026,16.005,97.729,36.419,49.262,71.342,37.624,56.579,99.753,70.487,71.909,65.761,59.328,84.036,87.789,52.0,154.225,45.915,89.05,43.668,50.773,69.733,87.163,24.363,149.089,154.122,97.547,60.145,121.162,64.125,86.742,89.384,35.613,135.333
63.14,30.713,95.614,69.162,65.638,71.935,47.905,82.197,152.592,123.286,60.295,42.236,43.767,25.422,68.969,48.578,61.913,65.302,62.539,38.728,80.028,35.933,68.909,31.906,0.0,49.407,93.903,139.519,56.975,96.188,25.305,98.61,4.846,89.229,68.756,102.851,100.535,78.777,81.258,87.691,90.084,36.653,96.781,36.582,33.031,97.736,72.217,96.763,129.821,46.876,74.613,46.136,58.48,67.551,74.628,56.317,94.846,67.501,102.094,92.442,55.18,46.812,80.441,47.472,40.154,90.673,94.378,15.901,93.121,31.811,44.654,66.734,69.53,45.309,95.145,70.685,103.815,61.153,91.234,79.936,83.181,47.392,149.617,41.307,84.442,39.06,46.165,65.125,82.555,28.971,144.481,149.514,92.939,28.239,116.554,59.517,82.134,75.12,13.311,130.725
37.019,66.248,46.207,25.129,29.037,56.742,8.504,32.79,103.185,73.879,96.896,78.837,7.166,46.601,54.146,28.765,12.506,96.955,14.774,41.025,30.621,18.272,31.454,54.015,49.407,0.0,77.172,90.112,22.818,46.781,72.618,49.203,51.847,86.652,95.741,53.444,63.934,29.37,81.303,51.09,79.127,73.254,47.374,67.659,69.632,61.135,35.616,67.932,80.414,36.425,25.206,42.785,30.881,95.852,38.027,92.918,45.439,48.364,52.687,45.013,17.167,39.249,31.034,15.503,12.785,57.474,57.777,62.634,55.886,32.62,6.221,39.463,38.859,61.274,45.738,34.084,67.214,37.954,54.633,43.335,33.774,2.015,100.21,27.194,35.035,38.669,5.126,57.284,33.148,78.378,95.074,100.107,43.532,64.84,67.147,11.598,64.981,94.079,40.308,81.318
40.153,110.744,91.121,102.301,106.209,21.968,68.668,76.92,67.621,85.405,35.556,63.179,84.338,68.481,24.934,89.149,72.168,28.601,62.398,85.521,94.879,58.9,45.718,98.511,93.903,77.172,0.0,65.188,97.546,98.433,117.114,30.441,96.343,9.48,25.147,101.876,141.106,66.962,12.645,128.262,3.819,62.61,56.168,57.321,61.058,138.307,112.788,9.24,40.006,87.447,93.14,87.281,46.291,26.352,115.199,41.79,53.483,28.808,106.113,122.185,94.339,87.383,100.818,61.669,64.387,19.698,134.949,107.13,21.286,62.092,70.951,37.709,110.101,48.594,121.344,111.256,144.386,39.218,131.805,120.507,95.286,76.973,59.904,52.596,57.729,54.843,82.298,28.778,47.564,122.874,50.578,56.005,74.978,66.974,92.191,88.77,12.191,18.783,80.592,58.008
76.379,156.36,43.905,70.357,112.647,67.584,91.614,57.322,13.073,20.217,84.912,108.795,96.628,114.097,70.55,118.877,77.606,84.971,76.98,131.137,59.491,103.586,70.61,144.127,139.519,90.112,65.188,0.0,112.93,43.331,162.73,40.909,141.959,74.668,83.757,36.688,75.918,60.742,69.319,93.96,67.143,108.226,42.738,102.937,106.674,73.119,109.842,55.948,25.182,126.537,64.906,132.897,81.039,83.868,88.225,87.406,44.673,72.018,40.925,56.997,84.339,129.361,59.078,92.047,99.365,48.846,77.101,152.746,46.398,107.708,94.865,72.785,128.971,94.21,56.156,73.64,93.5,78.366,99.749,60.091,56.338,92.127,10.098,98.212,55.077,100.459,93.354,74.394,56.964,168.49,15.216,9.995,46.58,112.59,27.003,80.002,57.385,82.095,126.208,8.794
57.393,43.43,69.025,42.573,8.663,77.116,28.878,55.608,126.003,96.697,117.27,99.211,16.302,66.975,74.52,8.397,35.324,117.329,35.95,18.247,53.439,38.646,51.828,31.197,56.975,22.818,97.546,112.93,0.0,69.599,49.8,72.021,61.821,107.026,116.115,76.262,52.532,52.188,101.677,30.716,99.501,93.628,70.192,88.033,90.006,49.247,15.242,88.306,103.232,13.607,48.024,19.967,51.255,116.226,24.705,113.292,68.257,68.738,75.505,65.853,28.591,16.431,53.852,35.877,33.159,77.848,37.403,41.074,76.26,52.994,26.595,59.837,16.041,81.648,68.556,39.29,46.84,58.328,34.259,52.839,56.592,20.803,123.028,47.568,57.853,59.043,19.576,77.658,55.966,55.56,117.892,122.925,66.35,85.214,89.965,32.928,85.355,114.453,60.682,104.136
58.28,113.029,7.312,27.026,69.316,78.003,48.283,21.513,56.404,27.098,118.157,100.098,53.297,70.766,75.407,75.546,34.275,118.216,36.035,87.806,16.16,60.255,52.715,100.796,96.188,46.781,98.433,43.331,69.599,0.0,119.399,67.992,98.628,107.913,117.002,6.663,42.673,31.471,102.564,50.629,100.388,94.515,42.265,88.92,90.893,39.874,66.511,89.193,58.427,83.206,21.575,89.566,52.142,117.113,44.894,114.179,44.95,69.625,7.68,23.752,41.008,86.03,15.747,48.716,56.034,78.735,36.516,109.415,77.147,64.377,51.534,60.724,85.64,82.535,22.911,30.309,50.169,59.215,56.418,22.074,13.007,48.796,53.429,54.881,40.704,59.93,50.023,78.545,50.869,125.159,48.461,53.326,23.455,86.101,20.366,36.671,86.242,115.34,82.877,40.425
86.351,6.37,118.825,92.373,50.083,95.146,71.116,105.408,175.803,146.497,85.6,67.541,66.102,48.633,92.18,43.853,85.124,88.513,85.75,31.593,103.239,59.144,92.12,18.603,25.305,72.618,117.114,162.73,49.8,119.399,0.0,121.821,30.151,112.44,91.967,126.062,102.332,101.988,104.469,68.77,113.295,61.958,119.992,59.793,58.336,99.047,52.888,119.974,153.032,36.193,97.824,29.833,81.691,90.762,74.505,81.622,118.057,90.712,125.305,115.653,78.391,33.369,103.652,70.683,63.365,113.884,85.629,9.984,116.332,55.022,67.865,89.945,44.225,68.52,118.356,89.09,78.51,84.364,65.929,102.639,106.392,70.603,172.828,64.518,107.653,62.271,69.376,88.336,105.766,5.76,167.692,172.725,116.15,53.544,139.765,82.728,105.345,98.331,36.522,153.936
35.47,115.451,60.68,71.86,75.768,26.675,50.705,46.479,53.982,54.964,50.165,67.886,55.719,73.188,29.641,77.968,41.727,50.224,36.071,90.228,64.438,62.677,29.701,103.218,98.61,49.203,30.441,40.909,72.021,67.992,121.821,0.0,101.05,39.921,49.01,71.435,110.665,36.521,34.572,97.821,32.396,67.317,25.727,62.028,65.765,107.866,82.347,21.201,31.211,85.628,62.699,91.988,40.13,49.121,84.758,46.497,23.042,31.109,75.672,91.744,63.898,88.452,70.377,51.138,58.456,10.743,104.508,111.837,9.155,66.799,53.956,31.876,88.062,53.301,90.903,80.815,113.945,37.457,101.364,90.066,64.845,51.218,51.007,57.303,27.288,59.55,52.445,33.485,17.123,127.581,45.871,50.904,44.537,71.681,61.75,58.329,18.25,47.348,85.299,32.115
65.58,35.559,98.054,71.602,70.484,74.375,50.345,84.637,155.032,125.726,60.787,37.39,48.613,27.862,71.409,53.424,64.353,67.742,64.979,43.574,82.468,38.373,71.349,36.752,4.846,51.847,96.343,141.959,61.821,98.628,30.151,101.05,0.0,91.669,71.196,105.291,105.381,81.217,83.698,92.537,92.524,33.733,99.221,39.022,35.285,102.582,77.063,99.203,132.261,51.722,77.053,50.982,60.92,69.991,79.474,54.553,97.286,69.941,104.534,94.882,58.614,51.658,82.881,49.912,42.594,93.113,99.224,20.747,95.561,34.251,47.094,69.174,74.376,47.749,97.585,75.531,108.661,63.593,96.08,84.782,85.621,49.832,152.057,43.747,86.882,41.5,48.605,67.565,84.995,32.319,146.921,151.954,95.379,29.369,118.994,61.957,84.574,77.56,15.751,133.165
49.633,106.07,100.601,111.781,115.689,29.91,78.148,86.4,77.101,94.885,30.882,58.505,93.818,63.807,32.506,98.629,81.648,23.927,71.878,88.779,104.359,68.38,55.198,93.837,89.229,86.652,9.48,74.668,107.026,107.913,112.44,39.921,91.669,0.0,20.473,111.356,150.586,76.442,7.971,137.742,7.525,57.936,65.648,52.647,56.384,147.787,122.268,18.72,49.486,96.927,102.62,96.187,55.771,21.678,124.679,37.116,62.963,38.288,115.593,131.665,103.819,96.863,110.298,71.149,73.867,29.178,144.429,102.456,30.766,57.418,80.431,47.189,119.581,43.92,130.824,120.736,153.866,48.698,141.285,129.987,104.766,86.453,69.384,59.458,67.209,50.169,91.778,29.368,57.044,118.2,59.452,65.485,84.458,62.3,101.671,98.25,21.671,14.109,75.918,67.488
58.722,89.853,109.69,120.87,124.778,38.999,87.237,95.489,86.19,103.974,10.409,38.032,102.907,49.14,41.595,107.718,90.737,3.454,80.967,97.868,113.448,77.469,64.287,91.046,68.756,95.741,25.147,83.757,116.115,117.002,91.967,49.01,71.196,20.473,0.0,120.445,159.675,85.531,14.438,146.831,21.328,37.463,74.737,32.174,35.911,156.876,131.357,28.007,61.065,106.016,111.709,105.276,64.86,1.205,133.768,16.643,72.052,47.377,124.682,140.754,112.908,105.952,119.387,80.238,82.956,38.267,153.518,81.983,39.855,63.121,89.52,56.278,128.67,34.467,139.913,129.825,162.955,57.787,150.374,139.076,113.855,95.542,80.861,68.547,76.298,57.072,100.867,38.457,66.133,97.727,75.725,80.758,93.547,41.827,110.76,107.339,30.76,6.364,55.445,76.577
61.723,119.692,10.755,33.689,75.979,81.446,54.946,24.956,49.741,20.435,121.6,103.541,59.96,77.429,78.85,82.209,40.938,121.659,40.312,94.469,22.823,66.918,56.158,107.459,102.851,53.444,101.876,36.688,76.262,6.663,126.062,71.435,105.291,111.356,120.445,0.0,39.23,34.914,106.007,57.292,103.831,97.958,45.708,92.363,94.336,36.431,73.174,92.636,61.87,89.869,28.238,96.229,55.585,120.556,51.557,117.622,48.393,73.068,4.237,20.309,47.671,92.693,22.41,55.379,62.697,82.178,40.433,116.078,80.59,71.04,58.197,64.167,92.303,85.978,19.468,36.972,56.832,62.658,63.081,23.423,19.67,55.459,46.766,61.544,44.147,63.791,56.686,81.988,54.312,131.822,51.904,46.663,26.898,89.544,13.703,43.334,89.685,118.783,89.54,43.868
100.953,95.962,49.985,38.805,52.249,120.676,72.438,64.186,73.485,55.701,160.83,142.771,56.768,110.535,118.08,58.479,68.938,160.889,78.708,70.739,46.227,82.206,95.388,83.729,100.535,63.934,141.106,75.918,52.532,42.673,102.332,110.665,105.381,150.586,159.675,39.23,0.0,74.144,145.237,33.562,143.061,137.188,84.938,131.593,133.566,3.285,49.444,131.866,101.1,66.139,47.966,72.499,94.815,159.786,27.827,156.852,87.623,112.298,34.993,18.921,46.767,68.963,40.288,79.437,76.719,121.408,16.703,92.348,119.82,96.554,70.155,103.397,68.573,125.208,19.762,29.85,33.102,101.888,39.351,20.599,45.82,64.133,81.202,91.128,83.377,102.603,58.808,121.218,93.542,108.092,91.134,85.101,66.128,128.774,48.915,52.336,128.915,158.013,104.242,83.098
26.809,95.618,24.159,35.339,51.905,46.532,30.872,9.958,73.815,44.509,86.686,68.627,35.886,53.355,43.936,58.135,16.864,86.745,16.238,70.395,27.917,42.844,21.244,83.385,78.777,29.37,66.962,60.742,52.188,31.471,101.988,36.521,81.217,76.442,85.531,34.914,74.144,0.0,71.093,61.3,68.917,63.044,18.004,57.449,59.422,71.345,49.1,57.722,51.044,65.795,26.178,72.155,20.671,85.642,48.237,82.708,16.069,38.154,39.151,55.223,27.377,68.619,33.856,31.305,38.623,47.264,67.987,92.004,45.676,46.966,34.123,29.253,68.229,51.064,54.382,44.294,77.424,27.744,64.843,53.545,28.324,31.385,70.84,37.47,9.233,39.717,32.612,47.074,19.398,107.748,65.704,70.737,14.162,54.63,37.777,21.808,54.771,83.869,65.466,51.948
44.284,98.099,95.252,106.432,110.34,24.561,72.799,81.051,71.752,89.536,22.911,50.534,88.469,55.836,27.157,93.28,76.299,15.956,66.529,83.43,99.01,63.031,49.849,85.866,81.258,81.303,12.645,69.319,101.677,102.564,104.469,34.572,83.698,7.971,14.438,106.007,145.237,71.093,0.0,132.393,8.826,49.965,60.299,44.676,48.413,142.438,116.919,15.505,48.563,91.578,97.271,90.838,50.422,14.549,119.33,29.145,57.614,32.939,110.244,126.316,98.47,91.514,104.949,65.8,68.518,23.829,139.08,94.485,25.417,49.447,75.082,41.84,114.232,35.949,125.475,115.387,148.517,43.349,135.936,124.638,99.417,81.104,68.359,54.109,61.86,42.634,86.429,24.019,51.695,110.229,63.223,68.256,79.109,54.329,96.322,92.901,16.322,12.776,67.947,62.139
88.109,62.4,50.055,25.961,22.053,107.832,59.594,51.342,107.033,77.727,147.986,129.927,43.924,97.691,105.236,39.113,56.094,148.045,65.864,48.963,34.469,69.362,82.544,55.785,87.691,51.09,128.262,93.96,30.716,50.629,68.77,97.821,92.537,137.742,146.831,57.292,33.562,61.3,132.393,0.0,130.217,124.344,72.094,118.749,120.722,30.277,15.882,119.022,88.256,40.815,35.122,41.555,81.971,146.942,13.063,144.008,74.779,99.454,56.535,46.883,33.923,40.879,34.882,66.593,63.875,108.564,16.859,71.79,106.976,83.71,57.311,90.553,35.011,112.364,49.586,20.32,16.124,89.044,5.789,33.869,37.622,51.289,104.058,78.284,70.533,89.759,45.964,108.374,80.698,74.53,98.922,103.955,53.284,115.93,70.995,39.492,116.071,145.169,91.398,85.166
42.108,106.925,93.076,104.256,108.164,22.385,70.623,78.875,69.576,87.36,31.737,59.36,86.293,64.662,24.981,91.104,74.123,24.782,64.353,81.702,96.834,60.855,47.673,94.692,90.084,79.127,3.819,67.143,99.501,100.388,113.295,32.396,92.524,7.525,21.328,103.831,143.061,68.917,8.826,130.217,0.0,58.791,58.123,53.502,57.239,140.262,114.743,11.195,41.961,89.402,95.095,88.662,48.246,22.533,117.154,37.971,55.438,30.763,108.068,124.14,96.294,89.338,102.773,63.624,66.342,21.653,136.904,103.311,23.241,58.273,72.906,39.664,112.056,44.775,123.299,113.211,146.341,41.173,133.76,122.462,97.241,78.928,61.859,51.933,59.684,51.024,84.253,24.959,49.519,119.055,54.397,59.43,76.933,63.155,94.146,90.725,14.146,14.964,76.773,59.963
36.235,67.366,87.203,98.383,102.291,40.642,64.75,73.002,121.299,91.993,27.054,5.583,80.42,26.653,37.676,85.231,68.25,34.009,58.48,75.381,90.961,54.982,41.8,68.559,36.653,73.254,62.61,108.226,93.628,94.515,61.958,67.317,33.733,57.936,37.463,97.958,137.188,63.044,49.965,124.344,58.791,0.0,65.488,5.595,3.622,134.389,108.87,65.47,98.528,83.529,89.222,82.789,42.373,36.258,111.281,20.82,63.553,36.208,102.195,118.267,90.421,83.465,96.9,57.751,60.469,59.38,131.031,52.554,61.828,40.634,67.033,35.441,106.183,14.016,117.426,107.338,140.468,35.3,127.887,116.589,91.368,73.055,118.324,46.06,53.811,34.585,78.38,33.832,51.262,64.126,113.188,118.221,71.06,8.414,88.273,84.852,50.841,43.827,32.946,99.432
33.641,113.622,34.953,46.133,69.909,35.738,48.876,20.752,55.811,29.237,75.892,66.057,53.89,71.359,33.142,76.139,34.868,75.951,34.242,88.399,38.711,60.848,27.872,101.389,96.781,47.374,56.168,42.738,70.192,42.265,119.992,25.727,99.221,65.648,74.737,45.708,84.938,18.004,60.299,72.094,58.123,65.488,0.0,60.199,63.936,82.139,67.104,46.928,33.04,83.799,36.972,90.159,38.301,74.848,59.031,71.914,2.685,29.28,49.945,66.017,41.601,86.623,44.65,49.309,56.627,36.47,78.781,110.008,34.882,64.97,52.127,30.047,86.233,51.472,65.176,55.088,88.218,35.628,75.637,64.339,39.118,49.389,52.836,55.474,12.339,57.721,50.616,36.28,14.226,125.752,47.7,52.733,18.81,69.852,36.023,37.264,43.977,73.075,83.47,33.944
30.64,61.771,81.608,92.788,96.696,35.353,59.155,67.407,116.01,86.704,29.237,11.178,74.825,21.058,32.387,79.636,62.655,29.296,52.885,69.786,85.366,49.387,36.205,62.964,36.582,67.659,57.321,102.937,88.033,88.92,59.793,62.028,39.022,52.647,32.174,92.363,131.593,57.449,44.676,118.749,53.502,5.595,60.199,0.0,3.737,128.794,103.275,60.181,93.239,77.934,83.627,77.194,36.778,30.969,105.686,25.259,58.264,30.919,96.6,112.672,84.826,77.87,91.305,52.156,54.874,54.091,125.436,49.809,56.539,35.039,61.438,30.152,100.588,8.727,111.831,101.743,134.873,29.705,122.292,110.994,85.773,67.46,113.035,40.465,48.216,28.99,72.785,28.543,45.973,65.553,107.899,112.932,65.465,9.653,82.678,79.257,45.552,38.538,27.351,94.143
32.613,63.744,83.581,94.761,98.669,39.09,61.128,69.38,119.747,90.441,27.264,9.205,76.798,23.031,36.124,81.609,64.628,32.457,54.858,71.759,87.339,51.36,38.178,64.937,33.031,69.632,61.058,106.674,90.006,90.893,58.336,65.765,35.285,56.384,35.911,94.336,133.566,59.422,48.413,120.722,57.239,3.622,63.936,3.737,0.0,130.767,105.248,63.918,96.976,79.907,85.6,79.167,38.751,34.706,107.659,23.286,62.001,34.656,98.573,114.645,86.799,79.843,93.278,54.129,56.847,57.828,127.409,48.932,60.276,37.012,63.411,33.889,102.561,12.464,113.804,103.716,136.846,31.678,124.265,112.967,87.746,69.433,116.772,42.438,51.597,30.963,74.758,32.28,49.71,61.816,111.636,116.669,67.438,5.916,84.651,81.23,49.289,42.275,29.324,97.88
98.154,92.677,47.186,36.006,48.964,117.877,69.639,61.387,76.756,52.902,158.031,139.972,53.969,107.736,115.281,55.194,66.139,158.09,75.909,67.454,43.428,79.407,92.589,80.444,97.736,61.135,138.307,73.119,49.247,39.874,99.047,107.866,102.582,147.787,156.876,36.431,3.285,71.345,142.438,30.277,140.262,134.389,82.139,128.794,130.767,0.0,46.159,129.067,98.301,62.854,45.167,69.214,92.016,156.987,24.542,154.053,84.824,109.499,32.194,16.606,43.968,65.678,37.489,76.638,73.92,118.609,13.418,89.063,117.021,93.755,67.356,100.598,65.288,122.409,19.309,27.051,29.817,99.089,36.066,17.8,43.021,61.334,78.403,88.329,80.578,99.804,56.009,118.419,90.743,104.807,88.335,82.302,63.329,125.975,46.116,49.537,126.116,155.214,101.443,80.299
72.635,46.518,65.937,39.485,6.579,92.358,44.12,52.52,122.915,93.609,132.512,114.453,28.45,82.217,89.762,23.639,40.62,132.571,50.39,33.489,50.351,53.888,67.07,40.311,72.217,35.616,112.788,109.842,15.242,66.511,52.888,82.347,77.063,122.268,131.357,73.174,49.444,49.1,116.919,15.882,114.743,108.87,67.104,103.275,105.248,46.159,0.0,103.548,100.144,25.341,44.936,26.081,66.497,131.468,21.617,128.534,65.169,83.98,72.417,62.765,25.503,25.405,50.764,51.119,48.401,93.09,32.741,56.316,91.502,68.236,41.837,75.079,19.129,96.89,65.468,36.202,31.598,73.57,19.017,49.751,53.504,35.815,119.94,62.81,55.059,74.285,30.49,92.9,65.224,58.648,114.804,119.837,63.262,100.456,86.877,29.84,100.597,129.695,75.924,101.048
33.623,113.604,81.881,93.061,96.969,24.828,59.428,67.68,58.381,76.165,38.416,66.039,75.098,71.341,27.794,79.909,62.928,31.461,53.158,88.381,85.639,60.83,36.478,101.371,96.763,67.932,9.24,55.948,88.306,89.193,119.974,21.201,99.203,18.72,28.007,92.636,131.866,57.722,15.505,119.022,11.195,65.47,46.928,60.181,63.918,129.067,103.548,0.0,33.058,83.781,83.9,90.141,38.283,29.212,105.959,44.65,44.243,29.262,96.873,112.945,85.099,86.605,91.578,52.429,56.609,10.458,125.709,109.99,12.046,64.952,61.711,30.029,100.861,51.454,112.104,102.016,135.146,35.61,122.565,111.267,86.046,67.733,52.854,55.456,48.489,57.703,73.058,31.638,38.324,125.734,47.718,52.751,65.738,69.834,82.951,79.53,14.629,26.147,83.452,48.768
66.681,146.662,51.115,62.295,102.949,57.886,81.916,47.624,27.615,45.399,71.474,99.097,86.93,104.399,60.852,109.179,67.908,64.519,67.282,121.439,54.873,93.888,60.912,134.429,129.821,80.414,40.006,25.182,103.232,58.427,153.032,31.211,132.261,49.486,61.065,61.87,101.1,51.044,48.563,88.256,41.961,98.528,33.04,93.239,96.976,98.301,100.144,33.058,0.0,116.839,55.208,123.199,71.341,62.27,78.527,77.708,34.975,62.32,66.107,82.179,74.641,119.663,60.812,82.349,89.667,39.148,94.943,143.048,36.7,98.01,85.167,63.087,119.273,84.512,81.338,71.25,104.38,68.668,91.799,80.501,55.28,82.429,19.898,88.514,45.379,90.761,83.656,64.696,47.266,158.792,14.66,19.693,36.882,102.892,52.185,70.304,47.687,56.913,116.51,18.002
50.158,29.823,82.632,56.18,18.762,67.017,34.923,69.215,139.61,110.304,107.171,89.112,29.909,56.876,64.421,7.66,48.931,107.23,49.557,8.148,67.046,28.547,55.927,17.59,46.876,36.425,87.447,126.537,13.607,83.206,36.193,85.628,51.722,96.927,106.016,89.869,66.139,65.795,91.578,40.815,89.402,83.529,83.799,77.934,79.907,62.854,25.341,83.781,116.839,0.0,61.631,6.36,45.498,106.127,38.312,103.193,81.864,58.639,89.112,79.46,42.198,2.824,67.459,34.49,27.172,77.691,49.436,30.975,80.139,42.895,31.672,53.752,22.654,71.549,82.163,52.897,56.939,48.229,44.358,66.446,70.199,34.41,136.635,37.469,71.46,48.944,33.183,67.559,69.573,41.953,131.499,136.532,79.957,75.115,103.572,46.535,75.256,104.354,50.583,117.743
52.987,91.454,21.001,9.161,47.741,72.71,26.708,16.22,77.979,48.673,112.864,94.805,31.722,62.569,70.114,53.971,20.972,112.923,30.742,66.231,5.415,38.68,47.422,79.221,74.613,25.206,93.14,64.906,48.024,21.575,97.824,62.699,77.053,102.62,111.709,28.238,47.966,26.178,97.271,35.122,95.095,89.222,36.972,83.627,85.6,45.167,44.936,83.9,55.208,61.631,0.0,67.991,46.849,111.82,23.319,108.886,39.657,64.332,27.481,29.045,19.433,64.455,7.678,31.471,34.459,73.442,41.809,87.84,71.854,48.588,29.959,55.431,64.065,77.242,28.204,18.116,51.246,53.922,38.665,27.367,8.568,27.221,75.004,43.162,35.411,54.637,28.448,73.252,45.576,103.584,69.868,74.901,18.326,80.808,41.941,15.096,80.949,110.047,61.302,56.112
56.518,23.463,88.992,62.54,20.25,66.277,41.283,75.575,145.97,116.664,106.431,88.372,36.269,56.136,63.681,14.02,55.291,106.49,55.917,7.408,73.406,29.311,62.287,14.23,46.136,42.785,87.281,132.897,19.967,89.566,29.833,91.988,50.982,96.187,105.276,96.229,72.499,72.155,90.838,41.555,88.662,82.789,90.159,77.194,79.167,69.214,26.081,90.141,123.199,6.36,67.991,0.0,51.858,105.387,44.672,102.453,88.224,60.879,95.472,85.82,48.558,3.536,73.819,40.85,33.532,84.051,55.796,30.235,86.499,42.155,38.032,60.112,23.394,70.809,88.523,59.257,57.679,54.531,45.098,72.806,76.559,40.77,142.995,36.729,77.82,48.204,39.543,66.819,75.933,35.593,137.859,142.892,86.317,74.375,109.932,52.895,75.512,103.614,49.843,124.103
6.138,75.321,44.83,56.01,59.918,25.861,22.377,30.629,94.112,64.806,66.015,47.956,38.047,33.058,23.265,42.858,25.877,66.074,16.107,50.098,48.588,22.547,10.429,63.088,58.48,30.881,46.291,81.039,51.255,52.142,81.691,40.13,60.92,55.771,64.86,55.585,94.815,20.671,50.422,81.971,48.246,42.373,38.301,36.778,38.751,92.016,66.497,38.283,71.341,45.498,46.849,51.858,0.0,64.971,68.908,62.037,36.366,17.483,59.822,75.894,48.048,48.322,54.527,15.378,18.326,32.193,88.658,71.707,34.641,26.669,24.66,8.582,63.81,30.393,75.053,64.965,98.095,7.073,85.514,74.216,48.995,30.682,91.137,17.173,25.962,19.42,36.007,26.403,24.075,87.451,86.001,91.034,34.459,33.959,58.074,42.479,34.1,63.198,45.169,72.245
58.833,89.964,109.801,120.981,124.889,39.11,87.348,95.6,86.301,104.085,9.204,36.827,103.018,49.251,41.706,107.829,90.848,2.249,81.078,97.979,113.559,77.58,64.398,91.157,67.551,95.852,26.352,83.868,116.226,117.113,90.762,49.121,69.991,21.678,1.205,120.556,159.786,85.642,14.549,146.942,22.533,36.258,74.848,30.969,34.706,156.987,131.468,29.212,62.27,106.127,111.82,105.387,64.971,0.0,133.879,15.438,72.163,47.488,124.793,140.865,113.019,106.063,119.498,80.349,83.067,38.378,153.629,80.778,39.966,63.232,89.631,56.389,128.781,34.578,140.024,129.936,163.066,57.898,150.485,139.187,113.966,95.653,82.066,68.658,76.409,57.183,100.978,38.568,66.244,96.522,76.93,81.963,93.658,40.622,110.871,107.45,30.871,7.569,55.544,76.688
75.046,68.135,44.32,17.868,24.422,94.769,46.531,38.279,101.298,71.992,134.923,116.864,30.861,84.628,92.173,30.652,43.031,134.982,52.801,42.912,28.734,56.299,69.481,55.902,74.628,38.027,115.199,88.225,24.705,44.894,74.505,84.758,79.474,124.679,133.768,51.557,27.827,48.237,119.33,13.063,117.154,111.281,59.031,105.686,107.659,24.542,21.617,105.959,78.527,38.312,23.319,44.672,68.908,133.879,0.0,130.945,61.716,86.391,50.8,41.148,20.86,41.136,29.147,53.53,50.812,95.501,19.75,64.521,93.913,70.647,44.248,77.49,40.746,99.301,43.851,14.585,29.187,75.981,16.606,28.134,31.887,38.226,98.323,65.221,57.47,76.696,32.901,95.311,67.635,80.265,93.187,98.22,41.645,102.867,65.26,26.429,103.008,132.106,78.335,79.431
55.899,87.03,106.867,118.047,121.955,36.176,84.414,92.666,100.479,101.151,6.234,21.389,100.084,46.317,38.772,104.895,87.914,13.189,78.144,95.045,110.625,74.646,61.464,88.223,56.317,92.918,41.79,87.406,113.292,114.179,81.622,46.497,54.553,37.116,16.643,117.622,156.852,82.708,29.145,144.008,37.971,20.82,71.914,25.259,23.286,154.053,128.534,44.65,77.708,103.193,108.886,102.453,62.037,15.438,130.945,0.0,69.229,44.554,121.859,137.931,110.085,103.129,116.564,77.415,80.133,38.56,150.695,72.218,41.008,60.298,86.697,53.455,125.847,31.644,137.09,127.002,160.132,54.964,147.551,136.253,111.032,92.719,97.504,65.724,73.475,54.249,98.044,35.634,63.31,83.79,92.368,97.401,90.724,28.078,107.937,104.516,30.021,23.007,52.61,78.612
